0.0
0.0
0.0
0.0
1.7763568394002505e-15
0.27978516176706414
0.2797851617670659
0.2797851617670659
0.2797851617670677
0.2797851617670677
0.2797851617670686
0.40958854379234744
0.4677051820145106
0.4677051820145124
0.4677051820145124
0.6975794755565099
0.6975794755565126
0.6975794755565143
0.7046356315618088
0.7549226193555256
0.7756343116797026
0.7756343116797026
0.7756343116797026
0.7756343116797044
0.7756343116797044
0.7756343116797044
0.8082137713745583
0.8082137713745592
0.8082137713745592
0.9394335047378002
0.9394335047378028
1.0457666259656113
1.1369020737569673
1.1721614138352527
1.172161413835254
1.172161413835255
1.172161413835255
1.172161413835255
1.1772474314359678
1.1772474314359678
1.177247431435969
1.177247431435969
1.177247431435969
1.177247431435969
1.177247431435969
1.177247431435969
1.177247431435969
1.17724743143597
1.2401131282203646
1.2401131282203668
1.2401131282203668
1.251899276226185
1.3315860075237866
1.3315860075237875
1.3315860075237875
1.3370862171312075
1.3370862171312075
1.3370862171312075
1.3370862171312075
1.3370862171312101
1.337086217131211
1.4023318939366312
1.4023318939366325
1.4023318939366325
1.4023318939366325
1.4023318939366334
1.4278898796147033
1.4278898796147033
1.4278898796147033
1.4278898796147046
1.4278898796147046
1.4289531431214781
1.4289531431214795
1.4289531431214795
1.4289531431214795
1.4289531431214795
1.4289531431214795
1.4289531431214795
1.4357810922805943
1.4357810922805951
1.4357810922805951
1.4981549262721363
1.4981549262721376
1.5193425698792433
1.5193425698792447
1.5193425698792447
1.519342569879246
1.519342569879246
1.519342569879246
1.6592480565743877
1.659248056574389
1.6592480565743903
1.6656169499028612
1.6656169499028612
1.6656169499028612
1.6656169499028621
1.6656169499028621
1.6656169499028621
1.6656169499028621
1.6656169499028621
1.6656169499028635
1.6656169499028648
1.6657545239931157
1.722476606098085
1.722476606098085
1.722476606098085
1.7246108915113765
1.7246108915113778
1.7246108915113787
1.7477958530271605
1.7477958530271618
1.747795853027164
1.7478461034146413
1.7478461034146413
1.7478461034146426
1.747846103414644
1.747846103414644
1.7478461034146449
1.7512019874613234
1.7512019874613234
1.7512019874613234
1.7512019874613247
1.7512019874613247
1.7873859343347345
1.7873859343347354
1.7873859343347354
1.7873859343347354
1.7873859343347367
1.7873859343347367
1.8062525976289776
1.8062525976289776
1.80804603347032
1.834972691821695
1.835013930241248
1.8350139302412494
1.8350139302412494
1.8350139302412494
1.8350139302412494
1.8350139302412494
1.8350139302412494
1.8350139302412494
1.8350139302412494
1.8350139302412494
1.8350139302412494
1.8350139302412503
1.8350139302412503
1.8350139302412503
1.8563636639920107
1.8702794933835731
1.8702794933835745
1.8702794933835758
1.9373125026659572
1.9373125026659572
1.9373125026659586
1.9373125026659586
1.9373125026659586
1.93731250266596
1.9682256040079182
1.9682256040079196
1.9682256040079196
1.9682256040079196
1.9682256040079205
1.9694841316913454
1.9694841316913454
1.9694841316913463
2.0367200723986603
2.0367200723986603
2.0367200723986603
2.0367200723986603
2.0367200723986603
2.036720072398662
2.036720072398662
2.036720072398662
2.036720072398662
2.036720072398662
2.0387292914136568
2.0387292914136568
2.038729291413658
2.0399583127481202
2.0423538827025576
2.0423538827025576
2.0423538827025576
2.0423538827025576
2.042353882702559
2.042353882702559
2.049939864548983
2.049939864548983
2.049939864548983
2.049939864548983
2.0499398645489837
2.1000135709898347
2.10252672031847
2.1025267203184708
2.13078156433757
2.130781564337571
2.130781564337572
2.1350982022490737
2.1350982022490737
2.1350982022490745
2.1350982022490745
2.1350982022490745
2.1458177788921944
2.1458177788921944
2.1458177788921944
2.1458177788921957
2.1458177788921957
2.1458177788921957
2.1461714705656174
2.1461714705656174
2.1461714705656183
2.1601540374681143
2.160154037468115
2.160154037468115
2.163862125091746
2.163862125091747
2.163862125091747
2.163862125091747
2.163862125091747
2.163862125091747
2.1638621250917485
2.1638621250917485
2.1638621250917485
2.1638621250917485
2.163998789041222
2.163998789041222
2.163998789041222
2.163998789041222
2.163998789041222
2.163998789041222
2.163998789041223
2.166652248130775
2.1666522481307764
2.1666522481307764
2.1666522481307764
2.1666522481307773
2.249533035378528
2.2495330353785294
2.2495330353785294
2.251074238962019
2.251074238962019
2.251074238962019
2.251074238962019
2.2510742389620204
2.290513087941015
2.2905130879410165
2.2905130879410165
2.2905130879410165
2.290513087941018
2.290513087941018
2.290513087941018
2.290513087941018
2.290513087941018
2.290513087941018
2.308621349831831
2.308621349831831
2.3086213498318324
2.3086213498318324
2.3086213498318324
2.3210287336714743
2.3210287336714757
2.3210287336714757
2.3210287336714757
2.3210287336714766
2.3297801490274956
2.3850899740376077
2.3850899740376077
2.3850899740376086
2.390635914212953
2.390635914212953
2.390635914212953
2.390635914212953
2.390635914212953
2.390635914212954
2.39290996532064
2.4395844384664076
2.4395844384664076
2.4395844384664076
2.4395844384664076
2.439584438466409
2.439584438466409
2.448401894662168
2.448401894662168
2.448401894662168
2.4585690599202104
2.4585690599202117
2.4585690599202117
2.4597189181247403
2.4789400590311352
2.4789400590311352
2.4789400590311352
2.4789400590311352
2.4789400590311366
2.486577506202779
2.486577506202779
2.486577506202779
2.486577506202779
2.486577506202779
2.48657750620278
2.48657750620278
2.48657750620278
2.48657750620278
2.48657750620278
2.4996164805282124
2.4996164805282124
2.523434288284341
2.523434288284342
2.523434288284342
2.523434288284342
2.523434288284342
2.524083375391687
2.5240833753916885
2.5240833753916885
2.5316997860256274
2.5316997860256274
2.5316997860256283
2.535569208375835
2.535569208375835
2.535569208375835
2.5355692083758363
2.5355692083758363
2.5355692083758363
2.566058943477956
2.566058943477956
2.566058943477956
2.5802984386041774
2.5802984386041787
2.5802984386041787
2.5802984386041787
2.5802984386041787
2.584695422674935
2.584695422674935
2.584695422674935
2.584695422674936
2.584695422674936
2.584695422674936
2.584695422674936
2.584695422674936
2.584695422674936
2.584695422674936
2.6139595992197107
2.613959599219712
2.6298942592860355
2.6298942592860355
2.6298942592860355
2.6298942592860355
2.6298942592860355
2.6298942592860355
2.6358295250616726
2.6358295250616735
2.6358295250616735
2.6531791850741584
2.6531791850741584
2.6531791850741584
2.6531791850741584
2.6531791850741584
2.6531791850741593
2.658420892629761
2.658420892629762
2.658420892629762
2.658420892629762
2.658420892629762
2.665785462793249
2.665785462793249
2.665785462793249
2.665785462793249
2.665785462793249
2.6730532013087327
2.7007164831190305
2.700716483119032
2.700716483119032
2.705350184051114
2.705350184051114
2.705350184051114
2.7053501840511154
2.7053501840511154
2.7164247521289018
2.7173197599222325
2.725504095910124
2.725504095910125
2.725504095910125
2.748414591796669
2.748414591796669
2.748414591796669
2.748414591796669
2.748414591796669
2.75413642614674
2.754136426146741
2.754136426146741
2.754136426146741
2.754136426146741
2.754136426146741
2.7782160615843257
2.7782160615843257
2.7782160615843257
2.7782160615843257
2.7782160615843257
2.7782160615843257
2.7782160615843257
2.7829190167638163
2.7829190167638163
2.7829190167638163
2.7829190167638176
2.7829190167638176
2.7829190167638176
2.7829190167638176
2.7829190167638176
2.7829190167638176
2.7829190167638176
2.7829190167638176
2.7829190167638176
2.7829190167638176
2.7829190167638176
2.8021073710501594
2.8021073710501594
2.8021073710501607
2.8021073710501607
2.8021073710501607
2.820203079345267
2.8202030793452684
2.8202030793452684
2.8202030793452684
2.8202030793452684
2.8202030793452684
2.8257843037734784
2.8257843037734798
2.8257843037734798
2.8310342576434664
2.8310342576434664
2.8310342576434664
2.839492321037207
2.839492321037207
2.839492321037207
2.8465295952197933
2.8465295952197947
2.8465295952197947
2.8465295952197947
2.8465295952197947
2.8465295952197947
2.8536923209512444
2.8536923209512457
2.8536923209512457
2.8536923209512457
2.8536923209512457
2.8536923209512457
2.8536923209512457
2.8536923209512457
2.8536923209512466
2.8536923209512466
2.8554673706563127
2.855467370656314
2.855467370656314
2.880821283834514
2.880821283834514
2.880821283834514
2.880821283834514
2.880821283834514
2.880821283834514
2.880821283834515
2.8829441509414764
2.8829441509414764
2.8829441509414764
2.8939814807517745
2.9005650981999684
2.9005650981999684
2.9005650981999684
2.9005650981999684
2.9005650981999693
2.9005650981999693
2.9005650981999693
2.9005650981999693
2.9005650981999693
2.9005650981999693
2.906464569017446
2.9208563590142216
2.9208563590142216
2.9252478249072325
2.9252478249072325
2.925247824907234
2.925247824907234
2.925247824907234
2.931714127519112
2.9317141275191134
2.9317141275191134
2.9317141275191134
2.9317141275191134
2.944762147189664
2.944762147189664
2.944762147189665
2.944762147189665
2.944762147189665
2.944762147189665
2.944762147189665
2.952227279873732
2.9528601000698016
2.9528601000698016
2.9528601000698016
2.9528601000698016
2.952860100069803
2.952860100069803
2.952860100069803
2.952860100069803
2.952860100069803
2.952860100069803
2.952860100069803
2.952860100069803
2.952860100069803
2.9528601000698043
2.9791129547255326
2.9794801228249934
2.9794801228249934
2.9794801228249934
2.9794801228249934
2.9794801228249934
2.9794801228249934
2.9794801228249934
2.9794801228249947
2.9794801228249947
2.9794801228249947
2.9843098710339278
2.9843098710339278
2.9843098710339278
2.996672218026312
2.996672218026312
2.9966722180263132
2.9966722180263132
2.9966722180263132
2.9966722180263132
3.0251332880036306
3.0251332880036306
3.0251332880036306
3.0263825532400777
3.0263825532400777
3.0263825532400777
3.0263825532400777
3.0263825532400777
3.0360478414933105
3.0360478414933105
3.0360478414933105
3.0360478414933105
3.0360478414933105
3.0360478414933105
3.070422777325007
3.070422777325007
3.070422777325008
3.07792403164364
3.0779240316436414
3.0779240316436414
3.0779240316436414
3.0779240316436414
3.0804517367871584
3.0804517367871584
3.0804517367871584
3.0804517367871584
3.0804517367871584
3.0804517367871593
3.098896362125402
3.098896362125402
3.098896362125402
3.0989632025907925
3.098963202590794
3.098963202590794
3.098963202590794
3.098963202590794
3.1222813072767135
3.122281307276715
3.122281307276716
3.122281307276716
3.122281307276716
3.1261324579438514
3.1261324579438514
3.1261324579438514
3.135397008573248
3.135397008573248
3.135397008573249
3.144310084838997
3.144310084838997
3.144310084838997
3.144310084838997
3.144310084838997
3.144310084838997
3.1546020936953503
3.1546020936953503
3.1546020936953503
3.1546020936953516
3.1546020936953516
3.1591522591493897
3.1634013468547177
3.1634013468547177
3.163401346854719
3.163401346854719
3.163401346854719
3.163401346854719
3.163401346854719
3.163401346854719
3.163401346854719
3.163401346854719
3.1746593976541013
3.1746593976541013
3.186506458939028
3.186506458939028
3.1865064589390295
3.1865064589390295
3.1865064589390295
3.1865064589390295
3.1865064589390295
3.1865064589390295
3.1865064589390295
3.1865064589390295
3.188024211486111
3.1880242114861117
3.1880242114861117
3.2053557491684357
3.2053557491684357
3.2053557491684357
3.2053557491684357
3.2053557491684357
3.2106202832740243
3.2106202832740243
3.2106202832740243
3.2106202832740243
3.2106202832740243
3.22922432865874
3.2292243286587414
3.2292243286587414
3.2292243286587414
3.2292243286587414
3.2292243286587414
3.2439417110812805
3.2439417110812805
3.2439417110812805
3.2439417110812805
3.2439417110812805
3.2439417110812805
3.2439417110812805
3.2439417110812805
3.2439417110812805
3.250345495741443
3.250345495741443
3.250345495741443
3.250345495741443
3.250345495741443
3.250345495741443
3.250345495741443
3.253110987611115
3.253110987611115
3.253110987611115
3.2531109876111164
3.2531109876111164
3.2531109876111164
3.2531109876111164
3.2531109876111164
3.2531109876111164
3.2531109876111164
3.256780692756446
3.2567806927564473
3.2567806927564473
3.2567806927564473
3.2567806927564473
3.2796249127648074
3.2801751259398024
3.2801751259398024
3.2801751259398024
3.2820106062841576
3.2866453106927747
3.2866453106927747
3.2866453106927747
3.2866453106927747
3.2866453106927747
3.2866453106927747
3.287747328111471
3.2877473281114717
3.2877473281114717
3.287747328111473
3.287747328111473
3.287747328111473
3.287747328111473
3.303468106271798
3.303468106271799
3.303468106271799
3.305592991423515
3.305592991423515
3.3104358849429705
3.3104358849429705
3.3104358849429705
3.315202601602181
3.315202601602181
3.315202601602181
3.315202601602181
3.315202601602181
3.3152026016021825
3.3152026016021825
3.3152026016021825
3.3152026016021825
3.3152026016021825
3.3152026016021825
3.3152026016021825
3.3152026016021825
3.3152026016021825
3.317031287717553
3.317031287717554
3.317031287717554
3.326426651856237
3.326426651856238
3.326426651856238
3.326426651856238
3.326426651856238
3.326541195894049
3.326541195894049
3.326541195894049
3.326541195894049
3.32654119589405
3.32654119589405
3.32654119589405
3.3339354411439777
3.3339354411439777
3.3339354411439777
3.3339354411439777
3.3339354411439777
3.3339354411439777
3.33501945349344
3.33501945349344
3.33501945349344
3.33501945349344
3.33501945349344
3.339960758346087
3.3399607583460877
3.3399607583460877
3.3449455523932006
3.3474876322095772
3.3474876322095772
3.3474876322095772
3.3547936105711766
3.3547936105711766
3.3547936105711766
3.3547936105711766
3.3547936105711766
3.3547936105711775
3.3547936105711775
3.3547936105711775
3.3547936105711775
3.3547936105711775
3.3621663275442426
3.3621663275442426
3.3621663275442426
3.3627310294230575
3.3627310294230575
3.3627310294230575
3.3627310294230575
3.3627310294230575
3.3627310294230575
3.3627310294230575
3.3627310294230575
3.3627310294230575
3.3627310294230575
3.3627310294230575
3.3627310294230575
3.362731029423059
3.362731029423059
3.3635573095715587
3.3635573095715587
3.3635573095715587
3.3635573095715587
3.3635573095715596
3.3662544171653965
3.3662544171653965
3.3662544171653965
3.366254417165398
3.366254417165398
3.366254417165398
3.3823924930178224
3.3823924930178224
3.3823924930178224
3.3823924930178224
3.3823924930178224
3.3823924930178224
3.3823924930178224
3.3854807861128853
3.3854807861128853
3.3854807861128853
3.397970849782382
3.397970849782382
3.397970849782382
3.397970849782382
3.397970849782382
3.397970849782382
3.397970849782382
3.3979708497823835
3.3979708497823835
3.3979708497823835
3.4488411616222656
3.4488411616222656
3.4488411616222665
3.4488411616222665
3.4488411616222665
3.452079409975526
3.452079409975526
3.4803922434233616
3.4810013100171115
3.4810013100171115
3.4810013100171124
3.4810013100171124
3.4810013100171124
3.4810013100171124
3.484235536446682
3.484235536446682
3.4842355364466835
3.4993825224001314
3.5008968093158686
3.5008968093158686
3.5008968093158694
3.5008968093158694
3.5008968093158694
3.5018986116739805
3.5018986116739805
3.5018986116739805
3.5018986116739805
3.5018986116739805
3.5018986116739805
3.5018986116739805
3.5018986116739814
3.5018986116739814
3.5018986116739814
3.505752258871456
3.505752258871456
3.505752258871456
3.505752258871456
3.505752258871456
3.513384544774616
3.513384544774616
3.513384544774616
3.517749496686119
3.517749496686119
3.5278196774977513
3.5411570414791598
3.5411570414791598
3.5411570414791598
3.548439767386528
3.548439767386528
3.548439767386528
3.548439767386528
3.548439767386528
3.5484397673865296
3.5484397673865304
3.549213755695719
3.54921375569572
3.54921375569572
3.54921375569572
3.54921375569572
3.54921375569572
3.556041358945262
3.5665528252849024
3.5665528252849024
3.571813260135169
3.571813260135169
3.571813260135169
3.571813260135169
3.571813260135169
3.571813260135169
3.571813260135169
3.571813260135169
3.571813260135169
3.571813260135169
3.571813260135169
3.571813260135169
3.57181326013517
3.57181326013517
3.575589297371841
3.575589297371841
3.575589297371841
3.582681773661635
3.5826817736616365
3.5826817736616365
3.5826817736616365
3.5826817736616365
3.5852331929768257
3.5852331929768257
3.5852331929768257
3.5852331929768257
3.5852331929768257
3.5907867338144452
3.5919604380270984
3.5919604380270984
3.5919604380270984
3.5919604380270984
3.5919604380270997
3.5919604380270997
3.5919604380270997
3.5919604380270997
3.5919604380270997
3.5919604380270997
3.599431629737833
3.599431629737833
3.599431629737833
3.610817538013703
3.610817538013703
3.610817538013703
3.6108175380137038
3.6108175380137038
3.61452819399383
3.61452819399383
3.61452819399383
3.6170810645380973
3.6170810645380973
3.6170810645380973
3.622025697081146
3.622025697081146
3.622025697081146
3.6220256970811473
3.6220256970811473
3.6220256970811473
3.6491977409282166
3.6491977409282166
3.6491977409282166
3.6491977409282175
3.6491977409282175
3.6491977409282175
3.6491977409282175
3.6491977409282175
3.6491977409282175
3.6491977409282175
3.6502133075104446
3.6530907793565826
3.6530907793565826
3.6530907793565826
3.6530907793565826
3.6530907793565826
3.653206776134795
3.653206776134795
3.653206776134795
3.6532067761347964
3.6532067761347964
3.6532067761347964
3.6532067761347964
3.6532067761347964
3.6532067761347964
3.6671125024091045
3.6671125024091045
3.6671125024091045
3.667112502409106
3.667112502409106
3.667112502409106
3.6795470018706147
3.6795470018706147
3.6795470018706147
3.6795470018706147
3.6795470018706147
3.685832539986138
3.685832539986138
3.685832539986138
3.685832539986138
3.685832539986138
3.685832539986138
3.685832539986138
3.685832539986139
3.685832539986139
3.685832539986139
3.7034564579554576
3.7034564579554576
3.7034564579554576
3.711810713864751
3.711810713864751
3.711810713864751
3.711810713864751
3.711810713864751
3.7219229935007814
3.7219229935007814
3.7219229935007814
3.7219229935007814
3.7219229935007814
3.7219229935007814
3.7219229935007814
3.7219229935007823
3.7219229935007823
3.721967213990918
3.721967213990918
3.721967213990918
3.721967213990918
3.7219672139909195
3.7219969347884576
3.7219969347884576
3.7219969347884576
3.7224018869794695
3.7224018869794695
3.722401886979471
3.722401886979471
3.722401886979471
3.722401886979471
3.722401886979471
3.722401886979471
3.722401886979471
3.722401886979471
3.722401886979471
3.722401886979471
3.722401886979471
3.722401886979471
3.7287530345761186
3.7287530345761186
3.7287530345761186
3.72875303457612
3.72875303457612
3.72875303457612
3.72875303457612
3.736303305781375
3.746399780038975
3.746399780038976
3.746399780038976
3.746399780038976
3.746399780038976
3.746399780038976
3.746399780038976
3.748247060191782
3.748247060191782
3.748247060191782
3.7495969022530846
3.7495969022530846
3.7495969022530846
3.7495969022530846
3.7495969022530846
3.749596902253086
3.752134455445289
3.752134455445289
3.752134455445289
3.752311951426475
3.752311951426476
3.752311951426476
3.752311951426476
3.752311951426476
3.752311951426476
3.752311951426476
3.758337581612997
3.7583375816129982
3.7583375816129982
3.7583375816129982
3.7583375816129982
3.7583375816129982
3.7583375816129982
3.7583375816129982
3.7583375816129982
3.7583375816129982
3.7583375816129982
3.7583375816129982
3.7583375816129982
3.7583375816129982
3.7583375816129982
3.7583375816129982
3.7583375816129996
3.7583375816129996
3.759132726941525
3.759132726941525
3.774607201936913
3.774607201936913
3.7746072019369143
3.7746072019369143
3.7746072019369143
3.7749234574966968
3.7749234574966968
3.7749234574966968
3.7749234574966968
3.7749234574966977
3.7749234574966977
3.7757756840679493
3.7757756840679493
3.7757756840679493
3.7757756840679493
3.7757756840679493
3.7924505689796835
3.7924505689796835
3.7924505689796844
3.7924505689796844
3.7924505689796844
3.7924505689796844
3.7924505689796844
3.7924505689796844
3.7924505689796844
3.7924505689796844
3.8077069451235332
3.8077069451235332
3.8077069451235332
3.8207223405441715
3.827673013289893
3.827673013289893
3.827673013289893
3.827673013289893
3.827673013289893
3.827673013289893
3.831494801310735
3.831494801310735
3.831494801310735
3.8377471128341742
3.8377471128341742
3.8377471128341742
3.8377740079522917
3.837774007952293
3.8393242570583146
3.8393242570583146
3.8393242570583146
3.8393242570583146
3.8393242570583146
3.8393242570583146
3.8393242570583146
3.8393242570583146
3.8393242570583146
3.8393242570583146
3.8393242570583146
3.8393242570583146
3.8393242570583146
3.8393242570583146
3.8473697094975776
3.850473423495683
3.850473423495683
3.850473423495684
3.850473423495684
3.850473423495684
3.8603882721153795
3.8622683897870638
3.8622683897870638
3.8622683897870638
3.8622683897870638
3.8622683897870638
3.8633621317891063
3.8633621317891063
3.8633621317891063
3.8633621317891063
3.8633621317891063
3.8633621317891076
3.8633621317891076
3.876716801621409
3.876716801621409
3.876716801621409
3.876716801621409
3.876716801621409
3.876716801621409
3.87671680162141
3.87671680162141
3.87671680162141
3.87671680162141
3.878481901497244
3.8784819014972447
3.8784819014972447
3.8784819014972447
3.8784819014972447
3.8784819014972447
3.882551103837481
3.882551103837481
3.882551103837481
3.882551103837483
3.882551103837483
3.8849431728301336
3.884943172830135
3.884943172830135
3.884943172830135
3.884943172830135
3.884943172830135
3.884943172830135
3.8982066193796707
3.8982066193796707
3.8982066193796707
3.9011551270787748
3.9011551270787748
3.9011551270787748
3.9011551270787748
3.9011551270787748
3.9011551270787748
3.901155127078776
3.915717724356211
3.915717724356211
3.915717724356211
3.915717724356211
3.915717724356211
3.918826918851135
3.918826918851135
3.918826918851135
3.918826918851135
3.918826918851135
3.918826918851135
3.918826918851136
3.918826918851136
3.918826918851136
3.918826918851136
3.9313806931859134
3.9313806931859134
3.9313806931859134
3.9313806931859134
3.9313806931859134
3.944380106981119
3.944380106981119
3.944380106981119
3.944380106981119
3.944380106981119
3.944380106981119
3.9514266403218175
3.952868605360716
3.9528686053607167
3.9528686053607167
3.9528686053607167
3.9528686053607167
3.9819067971157107
3.9819067971157107
3.9819067971157107
3.9819067971157107
3.9819067971157107
3.981906797115712
3.981906797115712
3.981906797115712
3.981906797115712
3.981906797115712
3.990165373619229
3.990165373619229
3.990165373619229
3.990165373619229
3.990165373619229
3.9901653736192304
3.9934356876856505
3.9934356876856505
3.9934356876856505
4.000381526213721
4.000381526213721
4.000381526213721
4.000381526213721
4.000381526213721
4.003357669136227
4.003357669136227
4.003357669136228
4.0231965194997015
4.023196519499702
4.023196519499702
4.032469081087037
4.032469081087037
4.032469081087037
4.032469081087037
4.032469081087037
4.033737991162029
4.033737991162029
4.033737991162029
4.033737991162029
4.033737991162029
4.048248944898388
4.048248944898388
4.048248944898388
4.04824894489839
4.04824894489839
4.04824894489839
4.04824894489839
4.04824894489839
4.04824894489839
4.04824894489839
4.05009449835844
4.05009449835844
4.05009449835844
4.05009449835844
4.05009449835844
4.05009449835844
4.050094498358441
4.066246124615498
4.066246124615498
4.066246124615498
4.066246124615498
4.066246124615499
4.066246124615499
4.068425726926405
4.068425726926405
4.068425726926405
4.068425726926407
4.068425726926407
4.068425726926407
4.068425726926407
4.068425726926407
4.068425726926407
4.068425726926407
4.068425726926407
4.068425726926407
4.068425726926407
4.068425726926407
4.07588075451803
4.07588075451803
4.075880754518031
4.094109173399836
4.094109173399836
4.094109173399836
4.109706132264262
4.109706132264262
4.109706132264262
4.109706132264263
4.109706132264263
4.109706132264263
4.109706132264263
4.109706132264263
4.109706132264263
4.109706132264263
4.109853852873666
4.11042692750263
4.11042692750263
4.119801876471085
4.119801876471085
4.119801876471085
4.119801876471085
4.119801876471085
4.119801876471086
4.12444962464592
4.12444962464592
4.12444962464592
4.12444962464592
4.124449624645921
4.133176579338741
4.133176579338741
4.133176579338741
4.146131186143877
4.146131186143878
4.146131186143878
4.151505181226522
4.151505181226522
4.151505181226522
4.151505181226522
4.151505181226522
4.164013090210402
4.164013090210402
4.164013090210402
4.1640130902104024
4.1640130902104024
4.1640130902104024
4.16804389263386
4.16804389263386
4.16804389263386
4.16804389263386
4.16804389263386
4.170890937996951
4.178557779815498
4.178557779815498
4.178557779815498
4.178557779815498
4.178557779815498
4.178557779815498
4.178557779815498
4.178557779815498
4.178557779815498
4.178557779815498
4.204961350162024
4.204961350162024
4.204961350162024
4.204961350162024
4.204961350162024
4.204961350162025
4.204961350162025
4.206260025984426
4.206260025984426
4.2062600259844265
4.2062600259844265
4.2062600259844265
4.2062600259844265
4.2062600259844265
4.2062600259844265
4.2062600259844265
4.20669903624039
4.20669903624039
4.20669903624039
4.20669903624039
4.20669903624039
4.20669903624039
4.20669903624039
4.20669903624039
4.20669903624039
4.20669903624039
4.20669903624039
4.20669903624039
4.20669903624039
4.20669903624039
4.208972776638005
4.2089727766380065
4.2089727766380065
4.2097471398873685
4.2097471398873685
4.2097471398873685
4.210388160027105
4.210388160027105
4.210388160027105
4.210388160027105
4.210388160027105
4.220216233673735
4.22344178085788
4.22344178085788
4.22344178085788
4.22344178085788
4.22344178085788
4.22344178085788
4.22344178085788
4.22344178085788
4.22344178085788
4.22344178085788
4.22414564909332
4.22414564909332
4.22414564909332
4.233895446501769
4.23389544650177
4.23389544650177
4.23389544650177
4.23389544650177
4.23389544650177
4.23389544650177
4.234089896301031
4.234089896301032
4.234089896301032
4.234089896301032
4.234089896301032
4.234089896301032
4.2444576782027905
4.2444576782027905
4.2444576782027905
4.246704448939058
4.246704448939058
4.246704448939058
4.247476878326818
4.247476878326818
4.247476878326818
4.247476878326818
4.247476878326818
4.249486225997199
4.2494862259972
4.2494862259972
4.2494862259972
4.2494862259972
4.2494862259972
4.2494862259972
4.2494862259972
4.2494862259972
4.2494862259972
4.2494862259972
4.2494862259972
4.2494862259972
4.2494862259972
4.253118797244069
4.253118797244069
4.260634247278557
4.260634247278557
4.260634247278557
4.260634247278557
4.260634247278558
4.285126467558168
4.28512646755817
4.28512646755817
4.28512646755817
4.28512646755817
4.285499741583675
4.293059959592163
4.29660928338546
4.296609283385461
4.296609283385461
4.296609283385461
4.296609283385461
4.301373020660484
4.301373020660484
4.301373020660486
4.303682578614417
4.303682578614417
4.303682578614417
4.303682578614417
4.303682578614417
4.303682578614417
4.303682578614418
4.303682578614418
4.303682578614418
4.303682578614418
4.303898885115988
4.303898885115988
4.303898885115988
4.303898885115988
4.303898885115988
4.30491554847539
4.30491554847539
4.30491554847539
4.304915548475391
4.304915548475391
4.304915548475391
4.311661551390092
4.311661551390093
4.311661551390093
4.311661551390093
4.311661551390093
4.311661551390093
4.311661551390093
4.317437633505774
4.317437633505775
4.317437633505775
4.317437633505775
4.317437633505775
4.346377230337343
4.346377230337343
4.346377230337343
4.346377230337343
4.346377230337343
4.346855650577624
4.346855650577624
4.346855650577624
4.346855650577624
4.346855650577626
4.346855650577626
4.352088017049263
4.352088017049263
4.3520880170492635
4.3520880170492635
4.3520880170492635
4.3520880170492635
4.3520880170492635
4.359930920447111
4.361690315082809
4.361690315082809
4.361690315082811
4.362606692057972
4.362606692057972
4.362606692057972
4.36779082598207
4.369517386223824
4.369517386223825
4.369517386223825
4.369517386223825
4.369517386223825
4.369517386223825
4.369517386223825
4.369517386223825
4.369517386223825
4.369517386223825
4.369517386223825
4.369517386223825
4.369517386223825
4.369517386223825
4.3697444205594
4.3697444205594005
4.3697444205594005
4.3697444205594005
4.3697444205594005
4.3697444205594005
4.3697444205594005
4.3697444205594005
4.3697444205594005
4.3697444205594005
4.369829883485506
4.369829883485506
4.369829883485506
4.376167264431819
4.376167264431819
4.376167264431819
4.376167264431819
4.376167264431819
4.378348698848025
4.378348698848025
4.378348698848025
4.378348698848025
4.378348698848025
4.378348698848025
4.378348698848026
4.405834162721949
4.405834162721949
4.40583416272195
4.40583416272195
4.40583416272195
4.40583416272195
4.407663504061038
4.419427017605591
4.419427017605591
4.419427017605591
4.419427017605591
4.419427017605592
4.42781399957659
4.42781399957659
4.42781399957659
4.42781399957659
4.42781399957659
4.42781399957659
4.42781399957659
4.42781399957659
4.427813999576591
4.427813999576591
4.428320550487686
4.428320550487686
4.428320550487687
4.430963850755002
4.430963850755002
4.441611515136815
4.441611515136815
4.441611515136815
4.441611515136815
4.441611515136816
4.441611515136816
4.441611515136816
4.445753503851716
4.445753503851716
4.445753503851716
4.445753503851716
4.445753503851716
4.445753503851716
4.464538377669253
4.464538377669253
4.464538377669253
4.470314815428291
4.470314815428291
4.470314815428291
4.4718189981534175
4.4718189981534175
4.4718189981534175
4.4718189981534175
4.4718189981534175
4.4718189981534175
4.4718189981534175
4.4741906345699105
4.4741906345699105
4.4741906345699105
4.4741906345699105
4.4741906345699105
4.4741906345699105
4.4741906345699105
4.4741906345699105
4.474190634569911
4.474190634569911
4.474190634569911
4.474190634569911
4.474190634569911
4.474190634569911
4.493245938705647
4.493245938705647
4.493245938705649
4.493245938705649
4.493245938705649
4.493245938705649
4.493401851093034
4.493401851093035
4.493401851093035
4.493401851093035
4.493401851093035
4.502123837012266
4.502123837012266
4.5059733747496455
4.507709473424722
4.507709473424722
4.507709473424722
4.507709473424722
4.507709473424722
4.512528211388252
4.512528211388252
4.512528211388252
4.512528211388252
4.512528211388252
4.523857772886332
4.527699395359207
4.527699395359207
4.527699395359207
4.527699395359208
4.527699395359208
4.527699395359208
4.527699395359208
4.527699395359208
4.527699395359208
4.527699395359208
4.5288487842058505
4.5288487842058505
4.5288487842058505
4.528848784205851
4.528848784205851
4.5353763758926675
4.5353763758926675
4.5353763758926675
4.5353763758926675
4.5353763758926675
4.5353763758926675
4.5353763758926675
4.5353763758926675
4.5353763758926675
4.5353763758926675
4.54015322975745
4.54015322975745
4.54015322975745
4.542763940408303
4.542763940408303
4.542763940408303
4.542763940408303
4.542763940408303
4.542763940408304
4.544427761915507
4.565320943135277
4.565320943135277
4.565320943135279
4.5749647014925445
4.5749647014925445
4.5749647014925445
4.5749647014925445
4.5749647014925445
4.5749647014925445
4.5749647014925445
4.581826857159932
4.581826857159932
4.581826857159932
4.582875069554647
4.582875069554647
4.582875069554647
4.582875069554647
4.582875069554647
4.583046924772064
4.583046924772064
4.583046924772064
4.583046924772064
4.583046924772064
4.5830469247720655
4.5871942612956
4.5871942612956
4.5871942612956
4.5871942612956
4.5871942612956
4.5871942612956
4.5871942612956
4.5871942612956
4.5871942612956
4.5871942612956
4.5871942612956
4.5871942612956
4.5871942612956
4.5871942612956
4.603871051812709
4.603871051812709
4.603871051812709
4.6038710518127095
4.6038710518127095
4.6038710518127095
4.604895753857846
4.604895753857846
4.604895753857847
4.605929358960483
4.605929358960483
4.605929358960483
4.605929358960483
4.605929358960483
4.605929358960483
4.605929358960485
4.607895333864335
4.607895333864335
4.607895333864335
4.608128219771915
4.608128219771915
4.608128219771915
4.608128219771915
4.608128219771915
4.608128219771915
4.608128219771915
4.608128219771915
4.608128219771917
4.608128219771917
4.613377469106094
4.613377469106094
4.613377469106094
4.61762055857469
4.61762055857469
4.61762055857469
4.61762055857469
4.61762055857469
4.6203689144741
4.6203689144741
4.6203689144741
4.6203689144741
4.620368914474101
4.628296104210969
4.628296104210969
4.628296104210969
4.628296104210969
4.628296104210969
4.628296104210969
4.628296104210969
4.636370562410273
4.636370562410273
4.636370562410273
4.64192219293812
4.64192219293812
4.64192219293812
4.64192219293812
4.64192219293812
4.646964759945674
4.646964759945674
4.646964759945674
4.646964759945674
4.646964759945674
4.646964759945674
4.646964759945674
4.646964759945674
4.646964759945675
4.646964759945675
4.650962014154826
4.663248477453375
4.663248477453375
4.663248477453375
4.663248477453375
4.663248477453375
4.663248477453375
4.663248477453375
4.663248477453375
4.663248477453375
4.663248477453375
4.663248477453375
4.663248477453376
4.663248477453376
4.663248477453376
4.664053639473159
4.664053639473159
4.664053639473159
4.664053639473159
4.664053639473159
4.681731749997219
4.681731749997219
4.68173174999722
4.68173174999722
4.68173174999722
4.68173174999722
4.68173174999722
4.68173174999722
4.68173174999722
4.68173174999722
4.687891937732557
4.687891937732558
4.687939569460422
4.687939569460422
4.687939569460422
4.687939569460422
4.687939569460422
4.687939569460422
4.688782539393953
4.688782539393953
4.688782539393953
4.688782539393953
4.688782539393954
4.688782539393954
4.688782539393954
4.697377171059777
4.697377171059777
4.697377171059777
4.70988162880609
4.709881628806092
4.709881628806092
4.709881628806092
4.709881628806092
4.709881628806092
4.709881628806092
4.709881628806092
4.709881628806092
4.709881628806092
4.712682309688241
4.712682309688242
4.712682309688242
4.716603426512626
4.716603426512626
4.716603426512626
4.716603426512626
4.716603426512626
4.716603426512626
4.716603426512626
4.716603426512626
4.716603426512626
4.716603426512626
4.716603426512626
4.716603426512628
4.716603426512628
4.716603426512628
4.716603426512628
4.716603426512628
4.716603426512628
4.716603426512628
4.722563214118311
4.723248957840878
4.723248957840878
4.727792976379191
4.727792976379191
4.727792976379191
4.727792976379191
4.727792976379191
4.727792976379193
4.731375576458027
4.731375576458027
4.731375576458027
4.73852421072327
4.73852421072327
4.73852421072327
4.73852421072327
4.73852421072327
4.73852421072327
4.738524210723272
4.738524210723272
4.738524210723272
4.7437268566358455
4.743726856635846
4.743726856635846
4.74776198663236
4.74776198663236
4.74776198663236
4.74776198663236
4.74776198663236
4.756205136521694
4.756205136521694
4.756205136521694
4.756205136521694
4.756205136521694
4.762221676357358
4.762221676357358
4.762221676357358
4.762221676357358
4.762221676357358
4.762221676357358
4.762735236287902
4.762735236287902
4.762735236287902
4.774809140817037
4.774809140817037
4.774809140817037
4.774809140817037
4.774809140817037
4.776089618082651
4.783211805542934
4.783211805542934
4.783211805542934
4.783211805542934
4.783211805542934
4.783211805542934
4.783211805542936
4.7855924205911435
4.7855924205911435
4.785592420591144
4.7873625255424415
4.7873625255424415
4.7873625255424415
4.7873625255424415
4.7873625255424415
4.787362525542442
4.787362525542442
4.788311486011453
4.788311486011453
4.788311486011453
4.788311486011453
4.788311486011453
4.80057766966998
4.80057766966998
4.80057766966998
4.80057766966998
4.80057766966998
4.8005776696699805
4.8005776696699805
4.804967808470868
4.804967808470868
4.804967808470868
4.804967808470868
4.804967808470868
4.8049678084708685
4.8049678084708685
4.8049678084708685
4.8049678084708685
4.8049678084708685
4.82360967660608
4.82360967660608
4.82360967660608
4.82360967660608
4.823609676606081
4.823609676606081
4.823609676606081
4.823609676606081
4.823609676606081
4.823609676606081
4.8267136603473295
4.8267136603473295
4.8267136603473295
4.8267136603473295
4.8267136603473295
4.831038423198817
4.831038423198818
4.831038423198818
4.836180905964412
4.836180905964412
4.836180905964412
4.836180905964412
4.836180905964412
4.836180905964412
4.836180905964412
4.836180905964412
4.836180905964412
4.836180905964412
4.836180905964412
4.836180905964412
4.836180905964412
4.836180905964412
4.842649711190759
4.842649711190759
4.842649711190759
4.842649711190761
4.842649711190761
4.842649711190761
4.843910912985276
4.843910912985276
4.843910912985276
4.843910912985276
4.843910912985276
4.846287759104744
4.846287759104744
4.846287759104744
4.846287759104744
4.8462877591047455
4.851338298329899
4.8513382983299
4.8513382983299
4.8513382983299
4.8513382983299
4.8513382983299
4.8513382983299
4.8513382983299
4.8513382983299
4.8572757264860975
4.8572757264860975
4.8572757264860975
4.8572757264860975
4.8572757264860975
4.8572757264860975
4.8572757264860975
4.874323803115625
4.874323803115625
4.874323803115625
4.874323803115625
4.874323803115625
4.882715013960392
4.884274792889268
4.884274792889268
4.884274792889268
4.884274792889268
4.884274792889268
4.889580552753683
4.889580552753683
4.889580552753683
4.889580552753683
4.889580552753683
4.889580552753683
4.889580552753683
4.889580552753683
4.889580552753683
4.889580552753683
4.889580552753683
4.889580552753684
4.889580552753684
4.889580552753684
4.908630060979848
4.908630060979848
4.908630060979848
4.908630060979848
4.908630060979848
4.908630060979849
4.908630060979849
4.908630060979849
4.908630060979849
4.913230975317224
4.913230975317224
4.913230975317224
4.913230975317224
4.913230975317224
4.913230975317224
4.916894675150036
4.916894675150036
4.91706699187368
4.91706699187368
4.91706699187368
4.922536719865489
4.922536719865489
4.922536719865489
4.922536719865489
4.922536719865489
4.92253671986549
4.92253671986549
4.922938924171972
4.922938924171972
4.922938924171972
4.922938924171972
4.922938924171972
4.922938924171972
4.922938924171972
4.922938924171972
4.922938924171972
4.922938924171972
4.923261341336285
4.923261341336285
4.9232613413362865
4.929637594503603
4.934579318308598
4.934579318308598
4.934579318308598
4.934579318308599
4.934579318308599
4.941592563756282
4.948418092127059
4.948418092127059
4.948418092127059
4.95552565777081
4.95552565777081
4.95552565777081
4.95552565777081
4.95552565777081
4.95552565777081
4.95552565777081
4.960885393708511
4.960885393708511
4.960885393708511
4.960885393708511
4.960885393708511
4.960885393708511
4.960885393708511
4.960885393708511
4.960885393708511
4.960885393708511
4.960885393708512
4.960885393708512
4.960885393708512
4.960885393708512
4.963307179700745
4.963307179700745
4.963307179700745
4.963307179700745
4.963307179700745
4.963307179700745
4.9671791615216305
4.967179161521632
4.967179161521632
4.967179161521632
4.967179161521632
4.973777229423661
4.973777229423661
4.973777229423661
4.973777229423661
4.9737772294236615
4.9737772294236615
4.9737772294236615
4.974111442080233
4.974111442080233
4.974111442080233
4.974111442080233
4.974111442080233
4.974111442080233
4.9803402515680295
4.9803402515680295
4.98034025156803
4.98034025156803
4.98034025156803
4.995670171904586
4.995670171904587
4.995670171904587
4.995670171904587
4.995670171904587
5.00022744339728
5.00022744339728
5.00022744339728
5.00022744339728
5.00022744339728
5.00022744339728
5.00022744339728
5.006574396426591
5.006574396426591
5.006574396426591
5.007124677523718
5.007124677523718
5.007124677523718
5.007124677523718
5.007124677523718
5.007124677523718
5.007124677523718
5.007124677523718
5.00712467752372
5.012519420667607
5.012519420667607
5.012519420667607
5.012519420667607
5.012519420667607
5.012519420667607
5.012519420667607
5.012519420667607
5.012519420667607
5.012519420667607
5.01314450041651
5.01314450041651
5.01314450041651
5.01314450041651
5.0131445004165105
5.017554909676485
5.017554909676485
5.017554909676486
5.017554909676486
5.017554909676486
5.017554909676486
5.017554909676486
5.017554909676486
5.017554909676486
5.017554909676486
5.017554909676486
5.017554909676486
5.017554909676486
5.017554909676486
5.020086721872403
5.020086721872403
5.020086721872403
5.02145917475112
5.035752051995447
5.035752051995447
5.040155492581074
5.040155492581074
5.040155492581074
5.040155492581074
5.040155492581074
5.046774604034375
5.046774604034375
5.046774604034375
5.046774604034375
5.046774604034375
5.046774604034375
5.046774604034375
5.049831901245573
5.049831901245573
5.049831901245573
5.049831901245573
5.049831901245573
5.049831901245573
5.049831901245573
5.049831901245573
5.0498319012455735
5.0498319012455735
5.0498319012455735
5.0498319012455735
5.0498319012455735
5.0498319012455735
5.0498319012455735
5.0498319012455735
5.0498319012455735
5.0498319012455735
5.052827637163722
5.052827637163722
5.052827637163722
5.0560127260590395
5.0560127260590395
5.0560127260590395
5.0560127260590395
5.0560127260590395
5.05601272605904
5.05601272605904
5.062639208513265
5.062639208513265
5.062639208513265
5.062639208513265
5.062639208513265
5.062639208513265
5.065819472677312
5.065819472677312
5.065819472677312
5.067816002025243
5.067816002025243
5.067816002025243
5.067816002025243
5.067816002025243
5.0695146130466835
5.0695146130466835
5.0695146130466835
5.0695146130466835
5.0695146130466835
5.0695146130466835
5.0695146130466835
5.0695146130466835
5.0695146130466835
5.0695146130466835
5.069514613046684
5.069514613046684
5.069514613046684
5.069514613046684
5.071810026392454
5.071810026392454
5.071810026392454
5.07256581428437
5.07256581428437
5.0725658142843715
5.0725658142843715
5.0725658142843715
5.0725658142843715
5.0725658142843715
5.0725658142843715
5.0725658142843715
5.0725658142843715
5.078861202906632
5.078861202906632
5.078861202906632
5.078861202906634
5.078861202906634
5.1005205410101215
5.1005205410101215
5.100520541010122
5.100520541010122
5.100520541010122
5.100520541010122
5.100520541010122
5.100520541010122
5.100520541010122
5.100520541010122
5.102768334310604
5.111492545466471
5.111492545466471
5.111492545466471
5.111492545466472
5.111492545466472
5.123871866944178
5.123871866944178
5.123871866944178
5.126539349737445
5.126539349737447
5.126539349737447
5.126539349737447
5.126539349737447
5.127509348414121
5.127509348414121
5.127509348414121
5.127509348414121
5.127509348414121
5.127509348414121
5.127509348414121
5.127509348414121
5.127509348414121
5.127509348414121
5.1352682074784015
5.14312330364929
5.14312330364929
5.14312330364929
5.151081000105719
5.151081000105719
5.151081000105719
5.15482478519466
5.15482478519466
5.15482478519466
5.15482478519466
5.15482478519466
5.15482478519466
5.156628741109487
5.156628741109487
5.171211974662655
5.171211974662655
5.171211974662655
5.171211974662655
5.171211974662655
5.171211974662655
5.171211974662655
5.171211974662655
5.171211974662655
5.171211974662655
5.171211974662655
5.171211974662655
5.171211974662655
5.171211974662655
5.173760874458413
5.173760874458413
5.173760874458413
5.173760874458415
5.173760874458415
5.179646568281711
5.179646568281711
5.179646568281711
5.179646568281711
5.179646568281711
5.179646568281711
5.179646568281711
5.183832021737757
5.183832021737757
5.183832021737758
5.183832021737758
5.183832021737758
5.189615231160239
5.189615231160239
5.189615231160241
5.189615231160241
5.189615231160241
5.189615231160241
5.201567668835642
5.201567668835642
5.201567668835642
5.201567668835642
5.201567668835642
5.201567668835642
5.2099238372682315
5.2099238372682315
5.2099238372682315
5.2099238372682315
5.2099238372682315
5.209923837268232
5.209923837268232
5.217527930102377
5.217527930102377
5.217527930102377
5.217527930102377
5.217527930102377
5.217527930102377
5.217527930102377
5.217527930102377
5.217527930102377
5.217527930102378
5.219393351181024
5.219393351181024
5.219393351181024
5.222070047212085
5.222070047212085
5.222070047212085
5.222070047212085
5.222070047212085
5.222070047212085
5.222070047212085
5.222070047212085
5.222070047212085
5.222070047212085
5.222070047212085
5.222070047212087
5.222070047212087
5.222070047212087
5.222070047212087
5.222070047212087
5.222070047212087
5.222070047212087
5.223268844516237
5.223268844516237
5.223268844516237
5.223268844516239
5.223268844516239
5.223268844516239
5.223268844516239
5.223268844516239
5.223268844516239
5.2259939608201
5.2259939608201
5.2259939608201
5.2259939608201
5.225993960820102
5.243860048622099
5.243860048622099
5.243860048622099
5.243860048622099
5.243860048622099
5.243860048622099
5.243860048622099
5.243860048622101
5.243860048622101
5.243860048622101
5.251587868105503
5.251587868105503
5.251587868105503
5.251587868105503
5.251587868105503
5.251587868105503
5.251587868105503
5.251587868105503
5.251587868105503
5.251587868105503
5.251587868105503
5.251587868105503
5.251587868105503
5.251587868105503
5.2572121898244975
5.2572121898244975
5.2572121898244975
5.274462926363085
5.274462926363085
5.274462926363085
5.274462926363085
5.274462926363085
5.274462926363085
5.274462926363086
5.282635179012099
5.282635179012099
5.282635179012099
5.282635179012099
5.282635179012099
5.282635179012099
5.282635179012101
5.282635179012101
5.282635179012101
5.282635179012101
5.2855183350299795
5.28551833502998
5.28551833502998
5.289348152836383
5.289348152836383
5.289348152836383
5.289348152836383
5.289348152836384
5.289348152836384
5.289348152836384
5.29941871412948
5.29941871412948
5.299418714129481
5.299418714129481
5.299418714129481
5.299418714129481
5.300156212868727
5.300156212868727
5.300156212868727
5.300156212868727
5.300156212868729
5.311666646407849
5.311666646407849
5.311666646407849
5.311666646407849
5.311666646407849
5.31166664640785
5.31166664640785
5.31166664640785
5.31166664640785
5.31166664640785
5.31166664640785
5.31166664640785
5.31166664640785
5.31166664640785
5.31434141335147
5.31434141335147
5.31434141335147
5.31434141335147
5.31434141335147
5.327791831162777
5.327791831162777
5.327791831162777
5.327791831162777
5.327791831162777
5.327791831162779
5.327791831162779
5.327791831162779
5.327791831162779
5.327791831162779
5.327791831162779
5.327791831162779
5.327791831162779
5.327791831162779
5.327791831162779
5.327791831162779
5.327791831162779
5.32779183116278
5.3281347636653305
5.3281347636653305
5.3281347636653305
5.3281347636653305
5.328134763665331
5.328134763665331
5.328134763665331
5.335642218592849
5.335642218592849
5.335642218592849
5.335642218592849
5.335642218592849
5.335642218592849
5.335642218592849
5.346751444299807
5.346751444299807
5.346751444299809
5.346751444299809
5.346751444299809
5.355026969686844
5.355026969686845
5.355026969686845
5.356280470312742
5.356280470312742
5.356280470312742
5.356280470312742
5.356280470312742
5.356280470312742
5.356280470312742
5.356280470312742
5.356280470312742
5.356280470312742
5.362247255522671
5.362513095281685
5.366185360142791
5.366185360142791
5.366185360142793
5.366185360142793
5.366185360142793
5.368692205592149
5.368692205592151
5.368692205592151
5.3687299014434195
5.3687299014434195
5.3687299014434195
5.3687299014434195
5.3687299014434195
5.3687299014434195
5.3687299014434195
5.3687299014434195
5.3687299014434195
5.3687299014434195
5.3687299014434195
5.3687299014434195
5.3687299014434195
5.3687299014434195
5.369044142733724
5.369044142733725
5.369044142733725
5.369044142733725
5.369044142733725
5.369044142733725
5.369044142733725
5.369044142733725
5.369044142733725
5.381256247459768
5.381256247459768
5.381256247459768
5.381256247459768
5.381256247459768
5.381256247459768
5.381256247459769
5.387999321349933
5.387999321349934
5.387999321349934
5.387999321349934
5.387999321349934
5.387999321349934
5.387999321349934
5.387999321349934
5.387999321349934
5.4005267876117635
5.4005267876117635
5.4005267876117635
5.4005267876117635
5.4005267876117635
5.401484784075553
5.402106442695797
5.402106442695798
5.402106442695798
5.402893599952301
5.402893599952301
5.402893599952301
5.402893599952301
5.402893599952301
5.402893599952301
5.402893599952301
5.402893599952302
5.402893599952302
5.405466544534935
5.405466544534935
5.405466544534935
5.405466544534937
5.405466544534937
5.405715576949172
5.405715576949172
5.405715576949172
5.405715576949172
5.405715576949173
5.407434443591441
5.407434443591441
5.407434443591441
5.419156549668988
5.419156549668988
5.419156549668988
5.420424992386376
5.426228917046646
5.426228917046646
5.426228917046646
5.426228917046646
5.426228917046646
5.426228917046646
5.426228917046646
5.426228917046646
5.426228917046646
5.426228917046646
5.43455226588554
5.43455226588554
5.43455226588554
5.43455226588554
5.43455226588554
5.43455226588554
5.434552265885541
5.434552265885541
5.434552265885541
5.434552265885541
5.434552265885541
5.43505143838491
5.435051438384911
5.435051438384911
5.435051438384911
5.435051438384911
5.435051438384911
5.435051438384911
5.435051438384911
5.435051438384912
5.435051438384912
5.435051438384912
5.435051438384912
5.435051438384912
5.435051438384912
5.436904751010809
5.43690475101081
5.43690475101081
5.436904751010811
5.436904751010811
5.436904751010811
5.436904751010811
5.43916510511013
5.43916510511013
5.43916510511013
5.43916510511013
5.43916510511013
5.43916510511013
5.450770621952305
5.450770621952305
5.450770621952305
5.4520094192653135
5.4520094192653135
5.4520094192653135
5.4520094192653135
5.452009419265315
5.452009419265315
5.452009419265315
5.452009419265315
5.452009419265315
5.455738020075967
5.455738020075968
5.455738020075968
5.455738020075968
5.455738020075968
5.455738020075968
5.467727989613039
5.4677279896130395
5.488350610533962
5.488350610533962
5.488350610533963
5.488350610533963
5.488350610533963
5.488350610533963
5.488350610533963
5.4899370899387625
5.4899370899387625
5.4899370899387625
5.489937089938763
5.489937089938763
5.493734559187723
5.494735231039643
5.494735231039644
5.494735231039644
5.494735231039644
5.494735231039644
5.494735231039644
5.499246929875778
5.499246929875778
5.499246929875778
5.499246929875778
5.499246929875778
5.499246929875778
5.499246929875778
5.506127656094828
5.5061276560948285
5.5096389897383125
5.5096389897383125
5.5096389897383125
5.5096389897383125
5.5096389897383125
5.5096389897383125
5.5096389897383125
5.5096389897383125
5.5096389897383125
5.509638989738313
5.53391852373664
5.53391852373664
5.533918523736641
5.533918523736641
5.533918523736641
5.5566518844545385
5.5566518844545385
5.5566518844545385
5.5642877085679245
5.5642877085679245
5.5642877085679245
5.56522825536014
5.56522825536014
5.565228255360141
5.591530395308569
5.591530395308569
5.591530395308569
5.5915303953085695
5.5915303953085695
5.5915303953085695
5.59789193366269
5.59789193366269
5.59789193366269
5.59789193366269
5.59789193366269
5.603654769932047
5.603654769932047
5.603654769932047
5.603654769932047
5.603654769932047
5.603654769932047
5.603654769932047
5.603654769932047
5.603654769932048
5.617463452710999
5.617463452710999
5.617463452710999
5.617463452710999
5.617463452710999
5.617463452711
5.617463452711
5.617463452711
5.617463452711
5.617463452711
5.61919091805949
5.619190918059491
5.619190918059491
5.619190918059491
5.619190918059491
5.619190918059491
5.619190918059491
5.619190918059491
5.619190918059491
5.619190918059491
5.619190918059491
5.619190918059491
5.619190918059491
5.619190918059491
5.6233353213362385
5.6233353213362385
5.6233353213362385
5.6233353213362385
5.6233353213362385
5.632265120369165
5.632265120369165
5.632265120369165
5.632823856570043
5.632823856570043
5.632823856570043
5.632823856570043
5.6328238565700435
5.6328238565700435
5.6328238565700435
5.644612044356297
5.644612044356297
5.644612044356297
5.655764402630682
5.655764402630682
5.655764402630682
5.655764402630683
5.655764402630683
5.655764402630683
5.660061212385103
5.660061212385103
5.660061212385103
5.660061212385103
5.660061212385103
5.660061212385103
5.660061212385103
5.660061212385103
5.660061212385103
5.660061212385104
5.676148291256644
5.676148291256644
5.676148291256645
5.676148291256645
5.676148291256645
5.69008694440997
5.69008694440997
5.69008694440997
5.69008694440997
5.69008694440997
5.693417797981211
5.693417797981211
5.693417797981211
5.693417797981211
5.693417797981211
5.693417797981211
5.693417797981212
5.693417797981212
5.693417797981212
5.693417797981212
5.693417797981212
5.693417797981212
5.693417797981212
5.693417797981212
5.693417797981212
5.693417797981212
5.693417797981212
5.693417797981212
5.693417797981212
5.693417797981212
5.693417797981212
5.693417797981214
5.698576709956784
5.698576709956784
5.698576709956784
5.698576709956784
5.698576709956785
5.698576709956785
5.698576709956785
5.703921211481639
5.703921211481639
5.703921211481639
5.703921211481639
5.703921211481639
5.703921211481639
5.70392121148164
5.70392121148164
5.70392121148164
5.70392121148164
5.70392121148164
5.70392121148164
5.70392121148164
5.70392121148164
5.70392121148164
5.70392121148164
5.70392121148164
5.70392121148164
5.704934222371842
5.704934222371843
5.704934222371843
5.713719091153686
5.713719091153686
5.713719091153686
5.713719091153686
5.713719091153686
5.713719091153686
5.71954585957801
5.71954585957801
5.71954585957801
5.71954585957801
5.71954585957801
5.71954585957801
5.71954585957801
5.71954585957801
5.71954585957801
5.71954585957801
5.737538039124225
5.737538039124225
5.737538039124225
5.737538039124225
5.737538039124226
5.75121853667218
5.751218536672181
5.751218536672181
5.751218536672181
5.751218536672181
5.757019782208317
5.757019782208317
5.757019782208317
5.757019782208317
5.757019782208317
5.757019782208317
5.757019782208317
5.757019782208317
5.757019782208317
5.757019782208317
5.757019782208317
5.757019782208317
5.757019782208317
5.757019782208317
5.759528419630426
5.762855094749206
5.765927740624358
5.765927740624358
5.765927740624358
5.765927740624358
5.765927740624358
5.766937436305652
5.766937436305652
5.766937436305652
5.790506169844659
5.790506169844659
5.790506169844659
5.790506169844661
5.790506169844661
5.790506169844661
5.790506169844661
5.795079219719755
5.795079219719755
5.795079219719755
5.795079219719756
5.795079219719756
5.795079219719756
5.803111091173564
5.803111091173565
5.804880017064746
5.804880017064746
5.804880017064746
5.804880017064746
5.804880017064746
5.804880017064746
5.804880017064746
5.80632831269467
5.80632831269467
5.80632831269467
5.80632831269467
5.80632831269467
5.80632831269467
5.80632831269467
5.80632831269467
5.80632831269467
5.80632831269467
5.806895277934226
5.806895277934226
5.806895277934227
5.8116100743971035
5.8116100743971035
5.8116100743971035
5.8116100743971035
5.8116100743971035
5.820871065183256
5.820871065183256
5.820871065183256
5.820871065183256
5.820871065183256
5.820871065183256
5.820871065183256
5.831389465100531
5.831389465100531
5.831389465100531
5.846850598092967
5.846850598092967
5.846850598092967
5.846850598092967
5.846850598092967
5.846850598092967
5.846850598092967
5.866495190059795
5.866495190059796
5.866495190059796
5.866495190059796
5.866495190059796
5.866495190059796
5.866495190059796
5.866495190059796
5.866495190059796
5.866495190059796
5.866495190059796
5.866495190059796
5.866495190059796
5.866495190059798
5.866694821534955
5.866694821534956
5.866694821534956
5.866694821534956
5.866694821534956
5.883296399885657
5.883296399885657
5.883296399885657
5.883296399885657
5.883296399885657
5.884850393009675
5.886463721693316
5.888175809209379
5.888175809209379
5.888175809209379
5.888175809209379
5.888175809209379
5.888175809209381
5.899345965512482
5.899345965512483
5.899345965512483
5.913719942599902
5.913719942599902
5.913719942599902
5.913719942599902
5.913719942599902
5.913719942599902
5.913719942599902
5.913719942599902
5.913719942599902
5.9137199425999025
5.918113059088291
5.918113059088291
5.918113059088291
5.918948710158341
5.918948710158341
5.918948710158341
5.918948710158341
5.918948710158341
5.918948710158341
5.918948710158341
5.936315654012754
5.936315654012754
5.9363156540127555
5.9363156540127555
5.9363156540127555
5.9363156540127555
5.9363156540127555
5.9363156540127555
5.9363156540127555
5.9363156540127555
5.9363156540127555
5.9363156540127555
5.9363156540127555
5.9363156540127555
5.938164939527801
5.938164939527801
5.938164939527802
5.938164939527802
5.938164939527802
5.952266648582908
5.952266648582908
5.952266648582909
5.952266648582909
5.952266648582909
5.952266648582909
5.952266648582909
5.9529353640388445
5.9529353640388445
5.9529353640388445
5.9529353640388445
5.9529353640388445
5.9529353640388445
5.9529353640388445
5.9529353640388445
5.952935364038845
5.973712297048314
5.973712297048314
5.973712297048314
5.973712297048314
5.973712297048315
5.973712297048315
5.973712297048315
5.973712297048315
5.973712297048315
5.980312790740522
5.980312790740523
5.980312790740523
5.980312790740523
5.980312790740523
5.980312790740523
5.980312790740523
5.980312790740523
5.980312790740524
5.983943227629069
5.983943227629069
5.983943227629069
5.983943227629071
5.983943227629071
5.983943227629071
5.983943227629071
5.983943227629071
5.983943227629071
5.983943227629071
5.992152622525021
5.992152622525021
5.992152622525021
5.993509583270442
5.993509583270442
5.993509583270442
5.999001469801286
5.999001469801286
5.9990014698012875
5.9990014698012875
5.9990014698012875
6.023572629939769
6.023940122378882
6.023940122378882
6.023940122378882
6.023940122378882
6.023940122378882
6.023940122378882
6.0239401223788835
6.02588171878512
6.02588171878512
6.025881718785121
6.025881718785121
6.025881718785121
6.025881718785121
6.025881718785121
6.025881718785121
6.025881718785121
6.025881718785121
6.025881718785121
6.025881718785121
6.025881718785121
6.025881718785121
6.025881718785121
6.025881718785121
6.025881718785122
6.025881718785122
6.032103220229541
6.032103220229541
6.032103220229541
6.032103220229541
6.0321032202295415
6.0321032202295415
6.0321032202295415
6.0321032202295415
6.0321032202295415
6.040907913131088
6.040907913131088
6.040907913131089
6.040907913131089
6.040907913131089
6.040907913131089
6.040907913131089
6.043106250233208
6.043106250233208
6.043106250233208
6.043106250233208
6.043106250233208
6.054720080834563
6.054720080834563
6.054720080834564
6.054720080834564
6.054720080834564
6.054720080834564
6.054720080834564
6.054720080834564
6.054720080834564
6.054720080834564
6.054720080834564
6.054720080834564
6.054720080834564
6.054720080834564
6.06486262282063
6.06486262282063
6.06486262282063
6.06486262282063
6.06486262282063
6.06486262282063
6.06486262282063
6.06486262282063
6.06486262282063
6.06486262282063
6.06486262282063
6.06486262282063
6.06486262282063
6.06486262282063
6.064862622820632
6.064862622820632
6.064862622820632
6.064862622820632
6.073548327369492
6.073548327369492
6.073548327369492
6.073548327369492
6.073548327369492
6.073548327369492
6.093470888483432
6.093470888483432
6.093470888483432
6.093470888483432
6.093470888483432
6.093470888483432
6.093470888483432
6.093470888483432
6.093470888483432
6.093470888483432
6.0934708884834325
6.0970670889518015
6.0970670889518015
6.0970670889518015
6.0970670889518015
6.097067088951803
6.101634851593738
6.101634851593738
6.101634851593738
6.10163485159374
6.10163485159374
6.10163485159374
6.10163485159374
6.10163485159374
6.10163485159374
6.10163485159374
6.10581023650896
6.10581023650896
6.10581023650896
6.10581023650896
6.10581023650896
6.109711344851737
6.109711344851737
6.109711344851737
6.109711344851737
6.109711344851737
6.109711344851737
6.15294198138535
6.156887143796815
6.156887143796815
6.156887143796815
6.156887143796815
6.156887143796815
6.164026280833875
6.164026280833877
6.164026280833877
6.164118846714867
6.164118846714867
6.164118846714867
6.164118846714867
6.164118846714867
6.164118846714867
6.178986687669572
6.178986687669572
6.178986687669572
6.187768539636908
6.187768539636908
6.187768539636908
6.187768539636908
6.187768539636908
6.208601444605106
6.208601444605106
6.216570651973726
6.216570651973726
6.216570651973726
6.216570651973727
6.216570651973727
6.216570651973727
6.216570651973727
6.216570651973727
6.216570651973727
6.216570651973727
6.217211203607885
6.217211203607885
6.217211203607885
6.217211203607885
6.217211203607885
6.217211203607885
6.218807220074518
6.218807220074518
6.218807220074518
6.218807220074518
6.218807220074518
6.218807220074519
6.218807220074519
6.218807220074519
6.218807220074519
6.218807220074519
6.218807220074519
6.218807220074519
6.218807220074519
6.218807220074519
6.218942642698196
6.26516080772478
6.265160807724781
6.265160807724781
6.265160807724781
6.265160807724781
6.271295121672544
6.281682240055967
6.281682240055967
6.281682240055967
6.281682240055968
6.281682240055968
6.281682240055968
6.281682240055968
6.281682240055968
6.281682240055968
6.281682240055968
6.291246707354386
6.291246707354386
6.291246707354386
6.291246707354386
6.291246707354386
6.291246707354386
6.291246707354386
6.291246707354386
6.291246707354387
6.293829165666463
6.293829165666464
6.293829165666464
6.293829165666464
6.293829165666464
6.293829165666464
6.293829165666464
6.2992776987354935
6.2992776987354935
6.299277698735494
6.305854141325057
6.305854141325057
6.305854141325057
6.305854141325057
6.305854141325057
6.306316049120705
6.306316049120705
6.306316049120705
6.306316049120705
6.306316049120705
6.30781873189826
6.30781873189826
6.30781873189826
6.30781873189826
6.30781873189826
6.311071834904554
6.311071834904554
6.311071834904554
6.311490327863265
6.311490327863265
6.311490327863265
6.311490327863265
6.311490327863265
6.311490327863265
6.311490327863265
6.318874606270874
6.318874606270874
6.318874606270874
6.3188746062708745
6.3188746062708745
6.3188746062708745
6.3188746062708745
6.3188746062708745
6.3188746062708745
6.3188746062708745
6.3188746062708745
6.3188746062708745
6.3188746062708745
6.318874606270876
6.341955617991686
6.341955617991686
6.341955617991686
6.341955617991686
6.341955617991686
6.341955617991686
6.341955617991686
6.366745165059192
6.366745165059192
6.366745165059192
6.366745165059192
6.366745165059193
6.3818077538008735
6.3818077538008735
6.3818077538008735
6.386361397578035
6.386361397578035
6.386361397578035
6.386361397578035
6.386361397578036
6.398102353130611
6.400649498891456
6.400649498891456
6.400649498891457
6.421680859151698
6.421680859151698
6.4216808591516985
6.4216808591516985
6.4216808591516985
6.4216808591516985
6.422230213776114
6.422230213776114
6.422230213776114
6.422545786816826
6.422545786816826
6.422545786816826
6.422545786816826
6.422545786816826
6.422545786816826
6.422545786816826
6.422545786816826
6.422545786816826
6.422545786816827
6.4260660087367105
6.4260660087367105
6.4260660087367105
6.4260660087367105
6.4260660087367105
6.4260660087367105
6.4260660087367105
6.4260660087367105
6.426066008736711
6.4322834291970175
6.4322834291970175
6.4322834291970175
6.4322834291970175
6.4322834291970175
6.4322834291970175
6.432283429197019
6.4421512446327185
6.4421512446327185
6.4421512446327185
6.4421512446327185
6.4421512446327185
6.4421512446327185
6.4421512446327185
6.458855243220673
6.458855243220673
6.458855243220673
6.458855243220673
6.458855243220673
6.458855243220673
6.458855243220673
6.458855243220673
6.458855243220673
6.458855243220673
6.458855243220673
6.458855243220673
6.458855243220673
6.458855243220674
6.459348286991231
6.459348286991231
6.459348286991231
6.459348286991233
6.459348286991233
6.492379428917372
6.492379428917372
6.492379428917372
6.492379428917372
6.492379428917372
6.492488402164269
6.492488402164269
6.492488402164269
6.492488402164269
6.492488402164269
6.492488402164269
6.519786103079056
6.519786103079058
6.519786103079058
6.520784417948002
6.520784417948002
6.520784417948002
6.520784417948002
6.520784417948002
6.520784417948002
6.520784417948002
6.520784417948002
6.520784417948003
6.520784417948003
6.523865791858961
6.523865791858961
6.523865791858961
6.523865791858961
6.523865791858963
6.523865791858963
6.523865791858963
6.523865791858963
6.523865791858963
6.523865791858963
6.523865791858963
6.523865791858963
6.523865791858963
6.523865791858964
6.538426091224618
6.538426091224619
6.538426091224619
6.538426091224619
6.538426091224619
6.538426091224619
6.54542174865501
6.54542174865501
6.54542174865501
6.54542174865501
6.54542174865501
6.54542174865501
6.54542174865501
6.557068698973673
6.557068698973675
6.557068698973675
6.557068698973675
6.557068698973675
6.557068698973675
6.557068698973675
6.557068698973675
6.557068698973675
6.557068698973675
6.5666753508973965
6.5666753508973965
6.566675350897397
6.566675350897397
6.566675350897397
6.608093199436469
6.608093199436469
6.608093199436469
6.608093199436469
6.608093199436469
6.608093199436469
6.608093199436469
6.608093199436469
6.608093199436469
6.608093199436471
6.608093199436471
6.608093199436471
6.608093199436471
6.608093199436471
6.608093199436471
6.608093199436471
6.608093199436471
6.608093199436471
6.619215749293003
6.619215749293003
6.6343779697576535
6.6343779697576535
6.6343779697576535
6.63704601115625
6.63704601115625
6.63704601115625
6.63704601115625
6.63704601115625
6.637046011156251
6.63935778108468
6.640227429765889
6.640227429765889
6.640227429765889
6.640227429765889
6.64022742976589
6.649450944084396
6.649450944084398
6.649450944084398
6.649450944084398
6.649450944084398
6.649450944084398
6.649450944084398
6.649450944084398
6.649450944084398
6.652530072492052
6.652530072492053
6.652530072492053
6.652530072492053
6.652530072492053
6.654881205914746
6.654881205914746
6.654881205914746
6.654881205914746
6.654881205914746
6.654881205914746
6.654881205914746
6.654881205914746
6.654881205914746
6.654881205914748
6.6561656136691365
6.6561656136691365
6.6561656136691365
6.6561656136691365
6.656165613669137
6.656165613669137
6.656165613669137
6.656165613669137
6.656165613669137
6.656165613669137
6.656165613669137
6.656165613669137
6.656165613669137
6.656165613669137
6.658915520426867
6.664342472831639
6.66434247283164
6.66434247283164
6.68990224200907
6.68990224200907
6.68990224200907
6.6899022420090715
6.6899022420090715
6.697540903385942
6.697540903385942
6.697540903385942
6.697540903385942
6.697540903385944
6.697617619847398
6.697617619847398
6.697617619847398
6.71785864470651
6.719664432059805
6.719664432059805
6.7196644320598065
6.729889995865025
6.729889995865026
6.729889995865026
6.729889995865026
6.729889995865026
6.729889995865026
6.729889995865026
6.7309222501953325
6.7309222501953325
6.7309222501953325
6.7309222501953325
6.7309222501953325
6.7309222501953325
6.7309222501953325
6.736221037987255
6.7362210379872565
6.7362210379872565
6.7362210379872565
6.7362210379872565
6.737982545944
6.737982545944
6.737982545944
6.737982545944
6.737982545944
6.737982545944001
6.737982545944001
6.742707886776597
6.742707886776597
6.742707886776597
6.742707886776597
6.742707886776597
6.742707886776597
6.742707886776598
6.7428921581063275
6.7428921581063275
6.742892158106329
6.742892158106329
6.742892158106329
6.742892158106329
6.742892158106329
6.742892158106329
6.742892158106329
6.745066086848768
6.745066086848768
6.745066086848768
6.745066086848768
6.745066086848768
6.745066086848768
6.7450660868487695
6.7450660868487695
6.7450660868487695
6.780246286092749
6.780246286092749
6.780246286092749
6.780246286092749
6.780246286092749
6.7802462860927495
6.7802462860927495
6.7815673077059575
6.7815673077059575
6.7815673077059575
6.7815673077059575
6.781567307705958
6.781567307705958
6.781567307705958
6.781567307705958
6.781567307705958
6.781567307705958
6.788728518615507
6.788728518615507
6.788728518615507
6.788728518615507
6.788728518615507
6.800577669669979
6.800577669669979
6.800577669669979
6.8005776696699805
6.8005776696699805
6.8005776696699805
6.8005776696699805
6.8005776696699805
6.8005776696699805
6.8005776696699805
6.800577669669981
6.802055509795995
6.802055509795996
6.802055509795996
6.802055509795996
6.802055509795996
6.802055509795996
6.802055509795996
6.802055509795996
6.802055509795996
6.802055509795996
6.802055509795996
6.802055509795997
6.802055509795997
6.802055509795997
6.802695547177697
6.802695547177697
6.802695547177698
6.802695547177698
6.802695547177698
6.802695547177698
6.802695547177698
6.81288495878635
6.812884958786351
6.812884958786351
6.812884958786351
6.812884958786351
6.812884958786351
6.843419094876438
6.843419094876438
6.843419094876438
6.843419094876438
6.843419094876438
6.843419094876439
6.843419094876439
6.843419094876439
6.843419094876439
6.843419094876439
6.843419094876439
6.843419094876439
6.843419094876439
6.843419094876439
6.843419094876439
6.843419094876439
6.843419094876439
6.843419094876439
6.872352649466874
6.872352649466875
6.872352649466875
6.872352649466875
6.872352649466875
6.872352649466875
6.872352649466875
6.872352649466875
6.872352649466875
6.872352649466875
6.8758714363523525
6.8758714363523525
6.8758714363523525
6.875871436352353
6.875871436352353
6.875871436352353
6.875871436352353
6.875871436352353
6.875871436352353
6.875871436352353
6.875871436352353
6.875871436352353
6.875871436352353
6.875871436352355
6.912483601444955
6.912483601444956
6.912483601444956
6.924041138303587
6.924041138303587
6.924041138303587
6.924041138303587
6.924041138303587
6.924041138303587
6.924041138303588
6.924041138303588
6.92404113830359
6.96252707747175
6.96252707747175
6.9625270774717505
6.9625270774717505
6.9625270774717505
6.9625270774717505
6.9625270774717505
6.966585109026235
6.966585109026235
6.966585109026235
6.966585109026235
6.966585109026236
6.966585109026236
6.966585109026236
6.966585109026236
6.966585109026236
6.9722205378024364
6.9722205378024364
6.9722205378024364
6.9722205378024364
6.972220537802437
6.972220537802437
6.972220537802437
6.972220537802437
6.972220537802437
6.972220537802437
6.972220537802437
6.972220537802437
6.972220537802437
6.972220537802439
6.972220537802439
6.972220537802439
6.972220537802439
6.972220537802439
6.9969557932675315
6.996955793267532
6.996955793267532
6.996955793267532
6.996955793267532
6.996955793267532
6.996955793267532
6.996955793267533
6.996955793267535
6.997005230267044
6.997005230267044
6.997005230267044
6.997005230267044
6.997005230267044
7.009474002926678
7.00947400292668
7.00947400292668
7.00947400292668
7.00947400292668
7.00947400292668
7.0095459181947515
7.009545918194752
7.009545918194752
7.009545918194752
7.009545918194752
7.009545918194752
7.009545918194752
7.009545918194752
7.009545918194752
7.009545918194753
7.009545918194753
7.009545918194753
7.009545918194753
7.009545918194753
7.013652499060639
7.020455804412222
7.020455804412222
7.020455804412222
7.020455804412222
7.020455804412224
7.0599223160942435
7.0599223160942435
7.059922316094244
7.059922316094244
7.059922316094244
7.059922316094244
7.059922316094246
7.070172106075423
7.0701721060754235
7.0701721060754235
7.0701721060754235
7.0701721060754235
7.0701721060754235
7.0701721060754235
7.0701721060754235
7.0701721060754235
7.0701721060754235
7.0701721060754235
7.0701721060754235
7.070172106075425
7.070172106075425
7.070172106075425
7.070172106075425
7.070172106075425
7.070172106075425
7.070172106075425
7.070172106075425
7.070172106075425
7.070172106075425
7.120933319397882
7.120933319397883
7.120933319397883
7.120933319397883
7.120933319397885
7.135818327445538
7.135818327445538
7.135818327445539
7.135818327445539
7.135818327445539
7.152782384593087
7.152782384593088
7.152782384593088
7.152782384593088
7.152782384593088
7.152782384593088
7.152782384593088
7.152782384593088
7.152782384593088
7.162074067116788
7.162074067116789
7.162074067116789
7.162074067116789
7.162074067116789
7.162074067116789
7.162074067116789
7.162074067116791
7.162074067116791
7.162074067116791
7.166603073454418
7.166603073454418
7.166603073454418
7.166603073454418
7.166603073454418
7.166603073454418
7.166603073454418
7.166603073454419
7.166603073454419
7.166603073454419
7.166603073454419
7.181582663435483
7.181582663435484
7.181582663435484
7.181582663435484
7.181582663435485
7.181582663435487
7.181582663435487
7.198772845555841
7.198772845555841
7.198772845555841
7.198772845555841
7.198772845555841
7.198772845555842
7.198772845555842
7.201359379235781
7.201359379235782
7.201359379235782
7.242854595618533
7.242854595618533
7.242854595618533
7.242854595618533
7.242854595618533
7.242854595618533
7.242854595618533
7.242854595618533
7.242854595618533
7.2428545956185335
7.2428545956185335
7.2428545956185335
7.2428545956185335
7.2428545956185335
7.244392097072574
7.244392097072574
7.244392097072574
7.244392097072574
7.244392097072574
7.244392097072574
7.246544744080522
7.2838489450178905
7.2838489450178905
7.283848945017892
7.283848945017892
7.283848945017893
7.285782340442024
7.285782340442026
7.285782340442026
7.285782340442026
7.285782340442027
7.3138988630909525
7.3138988630909525
7.3138988630909525
7.313898863090953
7.313898863090953
7.313898863090953
7.313898863090953
7.313898863090953
7.313898863090953
7.313898863090953
7.313898863090953
7.313898863090955
7.313898863090955
7.313898863090955
7.313898863090955
7.313898863090955
7.313898863090955
7.313898863090956
7.369477191434574
7.369477191434574
7.369477191434574
7.369477191434575
7.369477191434575
7.369477191434575
7.369477191434575
7.3694771914345765
7.3694771914345765
7.3694771914345765
7.3694771914345765
7.3694771914345765
7.3694771914345765
7.369477191434578
7.437906654547235
7.437906654547235
7.437906654547235
7.437906654547235
7.437906654547235
7.437906654547236
7.437906654547236
7.437906654547236
7.437906654547236
7.472867659672107
7.472867659672107
7.472867659672108
7.472867659672108
7.472867659672108
7.472867659672108
7.472867659672108
7.47286765967211
7.47286765967211
7.502586921494202
7.502586921494202
7.502586921494203
7.502586921494203
7.502586921494203
7.502586921494203
7.502586921494203
7.5025869214942045
7.5025869214942045
7.507684450856526
7.507684450856527
7.507684450856527
7.507684450856527
7.507684450856527
7.507684450856527
7.507684450856527
7.507684450856527
7.507684450856527
7.507684450856528
7.507684450856529
7.6381431049533015
7.6381431049533015
7.6381431049533015
7.6381431049533015
7.638143104953302
7.638143104953302
7.638143104953302
7.638143104953302
7.638143104953302
7.638143104953302
7.638143104953302
7.638143104953302
7.638143104953302
7.638143104953302
7.638143104953302
7.638143104953302
7.638143104953302
7.638143104953304
7.638143104953304
7.638143104953304
7.638143104953304
7.638143104953305
7.800577669669978
7.80057766966998
7.80057766966998
7.80057766966998
7.80057766966998
7.80057766966998
7.80057766966998
7.80057766966998
7.8005776696699805
7.8005776696699805
7.8005776696699805
7.8005776696699805
7.8005776696699805