5.99999999999998
5.999999999999995
6.0000000000000036
5.999999999999999
6.000000000000017
2.0000000000000004
1.9999999999999996
2.000000000000005
2.000000000000003
2.000000000000002
2.0
-1.2171994659907347e-17
1.9999999999999978
1.9999999999999962
2.0
1.9999999999999987
1.9999999999999956
1.9999999999999987
-3.672978069735183e-17
2.063562595781137e-17
2.000000000000003
2.000000000000002
2.0000000000000058
1.9999999999999993
2.0000000000000018
2.000000000000006
2.0000000000000093
2.000000000000004
1.9999999999999967
-7.676555055381444e-17
8.257674734639067e-17
4.749791044385007e-17
1.3596302241117058e-17
6.000000000000008
5.999999999999979
6.000000000000007
5.999999999999991
5.999999999999993
5.999999999999997
5.999999999999995
5.9999999999999885
6.000000000000009
5.999999999999985
5.999999999999997
5.999999999999989
6.000000000000004
5.999999999999959
6.000000000000005
1.9999999999999962
2.0000000000000036
1.9999999999999902
-1.9234269882543263e-17
2.0000000000000058
2.0000000000000084
2.0
1.9999999999999953
2.000000000000005
2.000000000000001
2.0000000000000004
1.9999999999999967
2.0000000000000027
6.000000000000025
5.999999999999992
6.000000000000001
5.999999999999992
6.000000000000008
6.000000000000003
5.999999999999992
6.000000000000005
5.999999999999976
6.000000000000007
11.999999999999968
12.000000000000043
11.999999999999977
12.000000000000032
12.000000000000016
11.99999999999995
12.000000000000016
1.9999999999999984
1.9999999999999962
1.999999999999992
1.2161155975075856e-17
-5.1784411433517786e-17
1.9999999999999991
2.000000000000002
2.0000000000000044
2.0000000000000013
2.0000000000000004
1.9999999999999993
2.000000000000004
1.999999999999996
2.0000000000000036
5.999999999999984
6.0000000000000195
5.9999999999999964
5.999999999999998
6.000000000000007
6.000000000000016
5.999999999999993
6.000000000000003
6.000000000000008
6.000000000000001
-4.7805984605723655e-17
1.9999999999999984
2.000000000000002
2.0000000000000004
2.0000000000000044
2.0000000000000036
2.0
1.9999999999999984
2.000000000000001
2.0000000000000018
1.9999999999999976
2.0000000000000036
1.999999999999997
2.0000000000000004
1.999999999999997
2.0000000000000013
6.000000000000006
5.999999999999983
6.000000000000012
6.000000000000035
6.000000000000018
2.000000000000001
2.000000000000001
1.9999999999999987
1.999999999999996
2.0000000000000004
1.999999999999997
3.624709575785679e-17
-3.4420254345229835e-17
3.79264586911075e-17
9.042818115283452e-17
12.000000000000027
11.99999999999998
11.999999999999988
12.000000000000046
12.000000000000004
11.99999999999998
12.000000000000032
11.999999999999988
12.000000000000007
12.000000000000037
12.000000000000039
12.000000000000053
12.00000000000004
12.00000000000003
-6.209721169090089e-17
2.000000000000008
1.9999999999999962
2.000000000000003
2.0000000000000053
1.999999999999998
2.0000000000000067
2.0000000000000036
2.0000000000000027
1.9999999999999927
6.000000000000003
6.0000000000000195
5.999999999999998
5.999999999999984
6.000000000000017
1.9999999999999956
2.0
1.9999999999999942
5.999999999999996
6.000000000000008
6.000000000000006
5.999999999999979
5.999999999999989
5.999999999999999
6.0000000000000036
6.000000000000013
5.999999999999976
5.999999999999991
2.0000000000000004
2.000000000000001
1.9999999999999962
3.912247826076341e-18
2.0000000000000027
2.0000000000000018
1.9999999999999944
1.9999999999999967
2.000000000000002
1.9999999999999967
6.000000000000035
5.999999999999995
5.999999999999994
6.000000000000003
6.000000000000011
1.0255566025708507e-16
4.72678497569939e-17
-1.0919353729572121e-17
2.0000000000000058
1.9999999999999936
2.0
6.000000000000022
6.000000000000026
6.000000000000004
6.000000000000031
6.00000000000001
1.9999999999999998
2.0000000000000027
1.999999999999999
1.999999999999999
1.9999999999999958
1.9999999999999976
2.0000000000000018
1.9999999999999971
1.9999999999999984
1.999999999999998
2.0000000000000018
1.9999999999999936
5.999999999999978
6.000000000000017
6.000000000000009
5.999999999999974
6.0
6.000000000000001
6.000000000000017
5.9999999999999805
5.999999999999993
5.999999999999996
12.000000000000076
12.000000000000014
12.00000000000007
11.999999999999991
12.00000000000003
11.999999999999952
11.999999999999979
5.9999999999999885
6.000000000000012
5.9999999999999885
6.000000000000002
5.999999999999992
1.9999999999999925
2.0000000000000036
1.9999999999999918
6.000000000000011
5.999999999999984
6.000000000000002
6.000000000000002
5.999999999999984
6.000000000000001
5.999999999999997
5.999999999999995
6.0
5.999999999999998
5.999999999999982
6.000000000000002
5.999999999999987
6.000000000000007
6.0
5.9999999999999964
6.0000000000000115
5.999999999999997
6.00000000000001
6.0
6.000000000000003
6.0000000000000275
5.999999999999994
6.000000000000021
5.999999999999994
-4.884956325451634e-17
2.0000000000000013
2.000000000000004
1.9999999999999998
1.9999999999999971
1.9999999999999998
1.999999999999996
2.0000000000000018
1.999999999999997
2.0000000000000053
6.724506361881038e-17
2.0000000000000018
2.000000000000001
2.000000000000006
2.000000000000001
2.000000000000001
1.9999999999999978
1.9999999999999984
1.9999999999999967
1.9999999999999951
2.0000000000000018
1.99999999999999
2.0000000000000058
8.258991684536027e-17
6.000000000000032
6.0000000000000036
6.000000000000013
6.000000000000008
6.000000000000008
5.999999999999998
5.999999999999997
6.000000000000014
5.999999999999981
6.000000000000012
5.99999999999998
5.999999999999996
5.999999999999975
5.9999999999999964
6.000000000000008
-1.3460867542968334e-17
2.2632808521065592e-17
5.999999999999975
5.999999999999984
5.999999999999979
5.999999999999997
6.00000000000001
2.0000000000000084
2.000000000000004
2.000000000000005
1.9999999999999991
2.000000000000005
2.000000000000002
2.000000000000001
1.999999999999998
1.999999999999998
1.9999999999999953
1.9999999999999991
2.0000000000000004
2.0000000000000004
2.0000000000000075
2.0
5.9999999999999964
6.0000000000000115
5.999999999999996
5.9999999999999964
5.9999999999999805
6.000000000000015
5.999999999999992
6.000000000000003
6.000000000000009
6.000000000000001
5.999999999999999
6.000000000000019
5.9999999999999964
6.000000000000006
6.0
-7.82126253444765e-18
3.113322033264943e-17
2.000000000000005
2.0000000000000013
1.9999999999999982
1.9999999999999993
2.000000000000001
2.000000000000002
2.0000000000000004
1.999999999999997
2.0000000000000004
2.000000000000001
2.000000000000003
2.0000000000000004
2.000000000000001
2.0000000000000013
1.9999999999999998
5.999999999999991
6.0
5.99999999999999
6.000000000000006
6.000000000000006
6.000000000000012
5.999999999999992
6.000000000000003
6.000000000000017
5.999999999999989
3.40451126781114e-17
1.999999999999997
2.0000000000000084
1.9999999999999996
6.000000000000019
5.999999999999994
6.000000000000001
6.000000000000007
5.999999999999989
6.367259582743042e-17
-2.211361211842611e-17
2.0000000000000027
1.9999999999999991
1.9999999999999976
6.000000000000004
5.999999999999998
6.000000000000003
6.000000000000051
6.0000000000000115
1.9999999999999962
1.9999999999999973
2.0000000000000044
1.9999999999999944
2.0000000000000004
2.000000000000005
12.000000000000105
12.000000000000014
12.000000000000028
12.0
11.999999999999998
12.000000000000005
12.000000000000014
11.999999999999954
12.00000000000006
11.999999999999938
11.999999999999982
11.999999999999979
12.000000000000014
11.999999999999982
11.999999999999984
11.999999999999982
12.000000000000043
11.999999999999979
12.000000000000023
12.000000000000004
11.999999999999986
6.00000000000001
6.000000000000014
6.0000000000000355
6.000000000000015
5.999999999999988
1.9999999999999978
2.0000000000000004
2.0000000000000058
2.0
2.000000000000005
2.0
2.000000000000001
1.9999999999999962
2.000000000000005
2.0000000000000036
2.0
2.000000000000006
2.0000000000000044
2.0000000000000027
1.9999999999999956
2.000000000000002
2.0000000000000004
2.0
1.9999999999999996
2.0000000000000018
2.000000000000006
6.00000000000001
6.000000000000017
6.000000000000003
5.999999999999984
6.000000000000008
6.000000000000011
5.999999999999996
6.000000000000001
5.999999999999997
6.000000000000019
2.0000000000000018
2.0000000000000013
2.000000000000002
11.99999999999999
11.999999999999947
12.000000000000014
12.000000000000052
11.999999999999995
11.999999999999998
12.000000000000014
2.0
1.9999999999999967
1.9999999999999933
4.5750306173127376e-17
5.999999999999986
5.999999999999996
5.999999999999989
6.000000000000003
6.000000000000004
6.000000000000013
6.00000000000002
6.000000000000027
6.000000000000006
5.999999999999992
-5.3459449293168555e-18
-2.1235302956217784e-18
1.8498632338872524e-19
5.999999999999999
6.000000000000022
6.00000000000001
6.000000000000012
6.000000000000006
5.99999999999999
6.000000000000004
5.999999999999988
6.000000000000014
6.0000000000000036
12.000000000000028
12.000000000000083
12.000000000000004
11.999999999999995
12.00000000000005
11.999999999999988
12.000000000000016
-5.912666013853357e-17
11.999999999999984
12.000000000000036
12.00000000000003
11.99999999999999
12.0
12.000000000000016
11.999999999999964
12.0
11.999999999999993
11.999999999999977
11.999999999999982
12.0
12.000000000000046
12.000000000000021
-2.1459310622012118e-17
5.999999999999986
6.000000000000009
6.0
6.000000000000004
5.9999999999999964
5.999999999999996
5.999999999999993
6.000000000000019
6.000000000000015
6.000000000000007
1.9999999999999933
1.9999999999999996
2.0
1.999999999999994
2.000000000000001
1.9999999999999958
1.9999999999999953
2.000000000000005
1.9999999999999951
1.9999999999999991
1.9999999999999973
1.999999999999997
6.0
5.999999999999978
5.999999999999952
6.0
6.000000000000004
1.9999999999999942
2.0000000000000004
2.0000000000000044
2.000000000000002
1.9999999999999993
2.0000000000000044
2.000000000000003
1.999999999999998
2.0000000000000004
6.0000000000000115
5.999999999999997
6.000000000000031
6.000000000000004
5.999999999999988
1.9999999999999991
1.999999999999996
2.0000000000000027
2.0000000000000004
1.9999999999999996
2.000000000000001
2.000000000000003
2.0
2.000000000000005
6.000000000000004
5.999999999999998
6.000000000000009
6.000000000000007
6.000000000000011
6.000000000000007
5.999999999999996
6.0
5.9999999999999885
6.0000000000000036
1.9999999999999973
1.9999999999999971
1.9999999999999971
1.9999999999999987
2.0000000000000013
2.0000000000000053
1.9999999999999987
1.999999999999998
2.000000000000001
1.9999999999999944
1.999999999999995
1.999999999999999
6.0
6.000000000000002
6.0000000000000115
5.999999999999996
6.000000000000007
2.6181377069372e-17
5.999999999999999
6.0000000000000036
5.999999999999995
6.000000000000005
6.0
6.000000000000002
5.999999999999984
6.000000000000002
6.00000000000002
5.999999999999995
1.837491503268764e-17
3.360669963590643e-17
6.000000000000006
6.000000000000004
5.999999999999988
5.999999999999984
5.99999999999999
6.000000000000011
6.000000000000005
6.000000000000005
6.000000000000002
6.000000000000006
2.0000000000000018
2.0000000000000027
2.0000000000000013
6.000000000000021
6.000000000000003
5.999999999999983
5.999999999999999
5.999999999999993
6.000000000000023
6.000000000000009
5.999999999999984
5.9999999999999964
5.999999999999999
1.999999999999996
1.9999999999999982
2.0000000000000013
1.9999999999999973
2.0000000000000004
1.9999999999999978
19.999999999999986
19.999999999999993
19.999999999999947
19.999999999999954
20.000000000000096
20.000000000000103
20.00000000000005
19.99999999999997
19.99999999999994
11.999999999999991
12.000000000000037
11.999999999999968
11.999999999999975
11.999999999999957
11.999999999999979
12.000000000000016
6.000000000000003
6.000000000000025
5.999999999999999
5.999999999999991
5.999999999999985
5.999999999999994
5.9999999999999964
5.9999999999999964
6.000000000000012
5.999999999999985
5.9999999999999964
5.999999999999996
6.000000000000002
6.00000000000001
6.0
1.3341111168993119e-17
1.9999999999999996
1.9999999999999982
2.0000000000000004
3.094370645825411e-17
1.9999999999999982
2.000000000000002
2.0000000000000027
1.9999999999999991
1.9999999999999978
1.999999999999998
12.000000000000039
12.000000000000034
12.000000000000014
11.999999999999973
11.999999999999943
11.999999999999973
11.999999999999968
1.9999999999999982
1.9999999999999991
2.0000000000000013
3.2718223956648386e-17
-6.351697985257099e-17
2.0000000000000027
1.9999999999999993
1.9999999999999998
12.00000000000001
11.999999999999984
11.999999999999991
11.999999999999984
12.000000000000009
11.999999999999984
11.999999999999988
12.000000000000016
12.000000000000039
11.999999999999979
11.999999999999993
11.999999999999972
11.999999999999982
11.999999999999988
1.9999999999999944
2.000000000000001
2.000000000000004
5.999999999999999
6.000000000000005
5.999999999999988
6.0000000000000036
6.000000000000011
11.99999999999995
12.00000000000002
12.000000000000048
12.000000000000052
11.999999999999998
11.999999999999995
11.999999999999968
1.999999999999994
1.999999999999996
1.999999999999999
1.9999999999999996
1.9999999999999973
1.999999999999999
6.000000000000002
6.000000000000002
5.999999999999988
6.000000000000001
5.999999999999979
1.9999999999999978
1.9999999999999947
1.9999999999999993
-5.325856540207109e-17
2.000000000000004
1.9999999999999996
1.9999999999999984
6.0000000000000115
6.000000000000024
5.99999999999999
6.000000000000009
5.999999999999992
5.999999999999999
6.000000000000005
6.000000000000005
6.000000000000016
6.000000000000018
1.9999999999999987
1.999999999999997
1.999999999999998
11.999999999999968
12.00000000000001
12.000000000000005
12.00000000000002
12.000000000000034
12.000000000000012
11.999999999999998
11.999999999999993
11.999999999999982
11.999999999999972
12.000000000000052
11.999999999999986
12.000000000000016
11.999999999999998
5.999999999999997
5.999999999999985
5.99999999999998
6.000000000000027
5.9999999999999885
2.000000000000002
2.000000000000003
1.9999999999999971
2.0000000000000004
1.9999999999999978
1.9999999999999951
11.999999999999975
11.999999999999932
11.999999999999948
12.000000000000037
12.000000000000018
11.999999999999964
11.999999999999995
2.000000000000002
2.0000000000000058
1.999999999999997
5.999999999999968
6.000000000000001
6.000000000000011
6.0
6.000000000000017
5.999999999999978
5.9999999999999964
5.999999999999995
5.999999999999991
6.00000000000001
6.000000000000022
6.000000000000014
6.0000000000000275
5.999999999999985
6.000000000000009
4.847833641536299e-17
-3.5850786073555475e-17
3.715522264238954e-17
2.0000000000000013
2.000000000000004
2.000000000000003
1.9999999999999971
1.9999999999999991
2.000000000000003
2.0000000000000027
2.000000000000003
2.0000000000000036
3.0717981609077956e-17
5.99999999999999
6.000000000000002
5.999999999999995
6.000000000000012
6.0
6.000000000000022
6.000000000000011
6.000000000000026
5.999999999999997
5.9999999999999885
5.999999999999993
5.999999999999999
5.99999999999999
6.0000000000000275
5.9999999999999805
5.999999999999985
5.999999999999977
6.000000000000005
5.999999999999995
5.9999999999999964
1.9999999999999962
1.9999999999999978
2.0000000000000027
3.2257619193224485e-17
2.5064917710491256e-17
5.671288799893211e-17
2.000000000000002
2.000000000000004
1.9999999999999982
11.999999999999979
11.99999999999999
12.000000000000004
12.00000000000003
12.000000000000009
11.99999999999998
11.999999999999963
1.9999999999999964
1.9999999999999951
2.0000000000000044
2.0000000000000004
2.000000000000001
1.9999999999999978
-5.470315712542597e-17
-1.184681983874478e-17
-7.654350220450101e-18
12.00000000000005
11.999999999999995
12.0
11.999999999999986
12.000000000000018
12.000000000000025
11.999999999999961
11.99999999999998
11.999999999999993
11.999999999999998
11.999999999999995
11.999999999999973
11.999999999999993
11.999999999999988
1.9999999999999953
1.9999999999999944
1.9999999999999962
5.999999999999997
6.0000000000000115
6.000000000000014
5.9999999999999964
6.000000000000013
5.999999999999981
5.999999999999978
6.000000000000003
5.999999999999999
5.999999999999986
3.405993033339338e-17
5.999999999999995
6.000000000000009
6.000000000000009
5.999999999999989
6.000000000000006
6.000000000000008
5.999999999999993
5.999999999999999
5.9999999999999805
6.00000000000001
2.000000000000005
1.9999999999999982
2.0000000000000067
6.000000000000001
6.000000000000003
6.000000000000013
6.000000000000006
5.9999999999999885
1.9999999999999976
2.0000000000000004
1.999999999999999
2.0000000000000013
1.9999999999999987
2.0000000000000004
2.000000000000005
2.000000000000001
1.9999999999999964
2.0000000000000027
1.9999999999999984
2.0
6.000000000000017
5.999999999999999
5.999999999999987
5.999999999999996
5.999999999999974
5.999999999999975
5.999999999999993
5.999999999999997
6.000000000000012
5.999999999999996
-3.278949521140226e-17
6.000000000000007
5.999999999999998
6.000000000000019
6.000000000000013
5.999999999999998
20.000000000000018
20.000000000000036
20.00000000000001
19.999999999999947
19.999999999999947
20.000000000000078
19.99999999999992
19.999999999999986
20.000000000000032
2.0
1.999999999999998
1.9999999999999973
2.0000000000000036
2.000000000000002
2.0000000000000044
5.999999999999994
6.0
6.0
5.999999999999995
6.000000000000017
5.999999999999977
6.0000000000000036
6.000000000000002
6.000000000000005
5.999999999999998
6.00000000000002
5.999999999999985
6.000000000000007
5.999999999999987
5.999999999999993
1.9999999999999973
2.0000000000000036
2.0000000000000067
6.00000000000004
5.9999999999999885
5.999999999999993
5.999999999999988
5.99999999999999
20.000000000000018
19.99999999999999
20.000000000000107
20.000000000000057
19.99999999999996
20.000000000000046
19.999999999999996
20.00000000000005
20.000000000000014
5.999999999999994
6.000000000000004
6.000000000000005
6.0000000000000036
6.000000000000006
2.000000000000005
2.0000000000000036
2.0000000000000004
12.00000000000003
12.00000000000002
11.999999999999975
12.000000000000005
12.000000000000018
11.999999999999988
12.000000000000016
11.999999999999966
11.99999999999999
12.000000000000014
12.00000000000001
12.000000000000034
11.999999999999986
11.999999999999993
11.999999999999998
12.000000000000043
11.999999999999979
12.000000000000023
12.000000000000005
12.000000000000028
11.999999999999988
-1.4417357416251738e-17
11.999999999999973
11.999999999999979
12.000000000000005
12.0
11.999999999999979
11.999999999999952
12.000000000000037
2.0000000000000036
2.000000000000004
2.000000000000007
1.9999999999999973
2.0000000000000036
2.000000000000001
2.0000000000000004
2.0
1.999999999999999
1.9999999999999996
2.000000000000002
2.0000000000000013
12.000000000000034
12.00000000000001
11.999999999999988
12.000000000000014
12.000000000000012
11.999999999999979
12.000000000000014
19.99999999999999
19.999999999999957
20.00000000000008
20.00000000000005
19.999999999999957
20.000000000000018
19.999999999999982
20.000000000000025
20.000000000000025
20.00000000000003
19.99999999999998
20.00000000000001
20.00000000000003
20.00000000000007
19.999999999999886
19.999999999999957
19.999999999999996
20.000000000000004
-3.912373702532565e-17
9.463391399921522e-17
5.999999999999982
5.999999999999991
6.0000000000000115
5.999999999999988
6.000000000000015
2.000000000000002
2.000000000000002
1.9999999999999993
2.0000000000000018
1.9999999999999956
2.0000000000000018
6.000000000000023
6.000000000000001
6.000000000000003
5.999999999999986
5.999999999999957
5.999999999999995
6.000000000000001
6.000000000000007
6.000000000000004
6.0000000000000275
6.000000000000013
6.000000000000015
5.999999999999995
6.000000000000008
6.000000000000024
2.000000000000014
1.9999999999999996
2.0000000000000027
-6.055951128071641e-17
2.0000000000000004
1.999999999999997
1.9999999999999958
1.9999999999999944
2.0000000000000075
2.0000000000000004
1.9999999999999996
1.9999999999999964
2.0000000000000044
1.999999999999993
2.0000000000000013
1.9999999999999958
9.208536064318624e-17
6.564481376178198e-17
12.000000000000016
12.00000000000002
12.000000000000046
12.00000000000001
12.0
11.99999999999997
12.000000000000032
11.999999999999984
12.000000000000025
11.999999999999998
11.999999999999986
12.000000000000002
12.000000000000032
11.999999999999973
-4.4069062355203425e-17
5.99999999999998
6.000000000000004
6.000000000000021
6.000000000000007
5.999999999999999
-4.42360860969687e-17
5.999999999999991
5.999999999999993
5.999999999999991
6.000000000000011
5.999999999999993
11.99999999999999
11.999999999999998
11.999999999999986
11.999999999999927
12.000000000000043
12.000000000000066
11.99999999999992
6.000000000000008
5.999999999999989
5.999999999999996
5.999999999999994
6.000000000000008
6.0
6.000000000000029
6.000000000000015
6.000000000000002
6.000000000000013
2.0000000000000053
1.9999999999999956
1.9999999999999998
1.9999999999999947
1.9999999999999973
2.000000000000007
5.999999999999994
5.999999999999997
5.999999999999997
6.000000000000043
6.000000000000008
12.000000000000016
11.999999999999961
11.999999999999954
12.000000000000028
11.999999999999966
11.99999999999996
11.999999999999952
2.000000000000005
2.0000000000000053
2.0000000000000004
11.999999999999982
12.000000000000146
11.999999999999996
11.999999999999984
11.999999999999915
12.000000000000014
11.99999999999996
6.000000000000013
6.000000000000006
5.999999999999996
5.999999999999991
5.999999999999994
5.999999999999987
6.0000000000000115
6.000000000000009
6.000000000000011
6.00000000000001
6.000000000000009
6.000000000000009
5.9999999999999964
6.000000000000001
6.0
6.000000000000008
6.000000000000023
5.999999999999994
5.999999999999999
5.99999999999999
2.0000000000000004
1.999999999999996
2.0
2.000000000000005
1.9999999999999956
2.000000000000002
2.629880082856348e-17
6.00000000000002
5.9999999999999885
6.000000000000011
6.000000000000004
5.999999999999966
5.99999999999999
5.999999999999999
5.999999999999981
6.000000000000012
6.000000000000001
5.999999999999982
6.000000000000015
5.999999999999986
5.999999999999999
5.999999999999983
2.0000000000000058
2.000000000000004
2.0000000000000013
2.0000000000000036
1.9999999999999978
1.9999999999999984
1.9999999999999951
2.0000000000000044
2.000000000000004
6.000000000000003
6.000000000000015
5.9999999999999964
6.000000000000012
5.9999999999999885
2.0
1.9999999999999964
1.9999999999999982
2.0000000000000018
1.9999999999999964
1.9999999999999984
5.999999999999993
6.000000000000016
5.999999999999982
6.000000000000005
5.9999999999999885
5.999999999999988
6.000000000000017
5.999999999999992
6.000000000000046
6.000000000000003
5.999999999999974
5.999999999999991
6.0000000000000036
6.000000000000009
6.000000000000006
6.0
5.9999999999999885
6.000000000000023
5.999999999999995
6.0000000000000036
12.000000000000018
12.00000000000006
12.000000000000028
12.000000000000009
11.999999999999996
12.000000000000037
11.999999999999975
1.999999999999998
2.0
2.000000000000001
1.999999999999997
2.0000000000000004
1.9999999999999982
11.999999999999973
11.999999999999996
12.000000000000016
11.999999999999991
12.000000000000037
12.000000000000018
11.99999999999998
12.000000000000034
12.00000000000002
11.999999999999979
11.999999999999995
11.999999999999979
12.000000000000025
12.000000000000016
2.0000000000000018
2.000000000000001
1.999999999999997
2.000000000000003
2.000000000000003
2.000000000000003
6.000000000000014
6.000000000000018
5.999999999999998
5.99999999999999
6.000000000000025
5.999999999999988
5.999999999999993
5.999999999999994
6.000000000000013
6.000000000000006
3.764517670495078e-17
3.8865222355428396e-17
-5.783792534314843e-17
2.0000000000000053
2.0000000000000018
2.0
2.000000000000001
2.000000000000003
1.9999999999999996
6.000000000000002
6.000000000000012
6.000000000000027
5.999999999999997
6.000000000000018
2.0000000000000018
2.000000000000004
2.0000000000000044
1.9999999999999973
2.000000000000008
1.999999999999998
5.999999999999998
5.99999999999998
6.000000000000018
5.999999999999999
5.999999999999999
1.999999999999998
1.9999999999999993
2.0000000000000053
2.0000000000000067
1.999999999999994
1.9999999999999987
6.000000000000004
6.00000000000001
5.999999999999989
6.00000000000005
5.99999999999999
3.8046136902297536e-17
6.000000000000015
6.000000000000008
6.00000000000001
6.000000000000006
6.000000000000003
6.000000000000013
6.000000000000008
6.000000000000015
5.999999999999991
6.0000000000000115
12.0
11.999999999999977
12.000000000000025
11.999999999999956
12.000000000000027
12.000000000000002
12.000000000000002
20.00000000000009
20.00000000000019
19.999999999999982
19.999999999999908
19.99999999999999
19.999999999999936
19.99999999999999
19.999999999999996
20.000000000000004
11.999999999999996
11.999999999999991
11.99999999999998
11.999999999999979
11.999999999999991
11.999999999999996
11.99999999999999
11.999999999999991
12.000000000000039
11.99999999999996
12.000000000000021
12.000000000000032
12.000000000000025
12.000000000000037
2.0000000000000044
2.0000000000000013
2.000000000000003
1.9999999999999987
2.000000000000006
2.000000000000003
6.0
6.000000000000011
5.999999999999998
5.999999999999992
6.0
-2.889004074015221e-17
6.000000000000005
6.000000000000016
5.999999999999994
6.000000000000017
5.999999999999992
6.0000000000000355
6.0000000000000036
5.999999999999992
6.000000000000006
5.999999999999997
2.0000000000000004
1.9999999999999964
1.999999999999999
11.999999999999952
12.000000000000002
12.000000000000025
12.000000000000053
12.000000000000021
12.000000000000016
11.999999999999924
2.000000000000003
2.0000000000000013
2.000000000000001
2.0000000000000058
2.000000000000006
2.000000000000004
2.0000000000000004
1.9999999999999971
2.0000000000000004
2.0000000000000018
2.0000000000000004
1.9999999999999976
6.000000000000006
6.000000000000006
5.99999999999998
6.000000000000015
5.999999999999975
11.999999999999977
12.000000000000005
12.000000000000046
11.999999999999991
11.999999999999947
12.000000000000016
11.999999999999991
11.99999999999999
12.0
12.00000000000001
11.99999999999998
12.000000000000044
12.000000000000016
12.00000000000002
2.3375209819572674e-17
2.1850294480544128e-17
6.0
5.999999999999994
6.000000000000017
6.000000000000001
6.000000000000001
6.000000000000005
6.0000000000000115
6.000000000000011
6.000000000000006
6.000000000000005
-6.870356311664525e-17
-2.953575759747808e-17
5.999999999999999
5.999999999999999
6.000000000000014
5.999999999999997
5.99999999999999
1.9999999999999964
1.9999999999999998
2.0000000000000013
5.999999999999985
5.999999999999983
6.000000000000012
5.999999999999986
6.000000000000016
5.999999999999996
6.000000000000007
6.0
6.000000000000013
5.9999999999999964
6.000000000000014
6.000000000000002
6.000000000000004
5.999999999999993
6.000000000000018
2.0000000000000018
2.0000000000000044
1.9999999999999976
2.0000000000000036
2.000000000000001
1.9999999999999991
11.999999999999988
11.99999999999996
11.999999999999986
12.000000000000021
12.000000000000021
11.999999999999979
12.000000000000012
5.999999999999974
6.000000000000002
5.999999999999996
5.999999999999969
5.9999999999999964
5.9999999999999885
6.00000000000004
6.000000000000006
6.000000000000003
6.0
1.9999999999999996
1.9999999999999925
1.999999999999995
2.0000000000000018
2.0000000000000013
1.9999999999999991
11.999999999999945
12.000000000000018
11.999999999999952
11.999999999999982
11.999999999999988
12.000000000000005
12.000000000000007
-1.073816410760655e-17
2.0
2.000000000000001
1.9999999999999956
2.000000000000003
1.9999999999999998
1.9999999999999987
5.973232350719803e-17
12.000000000000009
11.99999999999999
11.999999999999977
12.000000000000005
12.000000000000014
12.000000000000005
11.999999999999995
12.00000000000002
12.000000000000018
11.999999999999993
12.000000000000048
11.99999999999997
12.000000000000016
12.000000000000023
6.00000000000001
5.999999999999995
5.999999999999998
6.0000000000000036
5.999999999999989
6.0000000000000115
5.999999999999994
6.0
5.99999999999997
5.999999999999993
1.9999999999999982
1.9999999999999973
2.0000000000000027
5.9999999999999885
6.00000000000001
6.000000000000003
5.999999999999994
6.000000000000019
11.999999999999972
11.999999999999982
11.999999999999996
12.00000000000001
12.000000000000023
12.000000000000009
12.000000000000028
2.0000000000000013
1.9999999999999991
2.000000000000003
1.999999999999997
1.9999999999999982
1.9999999999999971
5.742453553010582e-17
5.999999999999996
5.999999999999976
5.999999999999993
6.000000000000004
6.000000000000009
5.999999999999987
5.999999999999996
6.000000000000012
5.999999999999991
6.000000000000013
5.999999999999994
6.000000000000013
5.999999999999997
5.999999999999976
5.999999999999961
2.0
1.9999999999999998
1.9999999999999976
-2.589536914817271e-17
2.390854042406423e-17
11.999999999999996
12.00000000000004
11.999999999999968
11.999999999999977
12.000000000000068
12.000000000000025
11.999999999999982
1.9999999999999996
1.9999999999999936
2.0000000000000053
1.9999999999999993
1.999999999999996
2.000000000000002
1.9999999999999993
2.0000000000000018
2.000000000000001
2.000000000000005
1.999999999999995
1.999999999999999
11.999999999999966
12.000000000000005
11.999999999999966
11.999999999999977
12.000000000000009
12.000000000000016
12.000000000000027
11.999999999999995
11.999999999999982
11.999999999999963
12.000000000000021
12.000000000000034
11.999999999999963
12.000000000000007
11.999999999999964
12.000000000000027
11.999999999999973
11.999999999999977
12.000000000000005
12.000000000000014
11.999999999999998
2.0000000000000018
2.0000000000000036
2.000000000000002
2.0000000000000053
1.9999999999999973
1.9999999999999973
6.000000000000034
5.999999999999994
5.999999999999985
6.000000000000024
6.000000000000009
-1.63544677237048e-17
7.729002234500397e-17
-6.148739914065111e-17
5.999999999999994
5.999999999999991
5.999999999999999
5.999999999999994
6.000000000000006
6.000000000000037
6.0
6.000000000000024
5.999999999999942
6.000000000000005
-3.5839780640694606e-17
5.999999999999992
6.000000000000006
6.000000000000019
5.999999999999997
5.999999999999983
5.999999999999994
5.999999999999995
5.999999999999992
5.999999999999984
6.000000000000007
5.999999999999997
5.9999999999999885
6.000000000000001
5.999999999999993
6.000000000000002
5.999999999999999
5.999999999999977
5.999999999999995
5.999999999999988
5.999999999999997
5.9999999999999885
5.999999999999999
6.000000000000021
5.999999999999999
6.000000000000008
2.000000000000005
2.000000000000005
1.9999999999999971
1.999999999999999
2.000000000000002
1.9999999999999978
1.9999999999999951
1.9999999999999971
2.0000000000000004
-4.909849658190194e-17
2.0000000000000044
2.000000000000009
2.0000000000000107
12.000000000000023
12.000000000000023
12.00000000000002
11.999999999999995
11.999999999999986
12.000000000000007
12.00000000000004
2.0000000000000036
1.9999999999999984
2.0000000000000036
5.999999999999998
6.0000000000000195
5.999999999999998
5.9999999999999964
6.0
1.9999999999999964
1.9999999999999982
1.9999999999999998
1.999999999999998
2.0
1.9999999999999956
12.0
12.000000000000016
12.000000000000009
12.0
11.999999999999996
12.000000000000002
12.000000000000037
12.0
11.99999999999998
11.99999999999995
11.999999999999995
12.000000000000014
11.99999999999997
12.000000000000021
1.9999999999999973
2.0
1.999999999999998
1.9999999999999978
2.000000000000003
2.0000000000000013
1.9999999999999971
2.000000000000004
2.0000000000000027
12.000000000000044
12.000000000000016
11.999999999999988
12.000000000000023
11.999999999999995
12.000000000000044
11.999999999999991
2.000000000000006
2.0000000000000018
2.0000000000000053
5.999999999999996
5.999999999999998
6.000000000000001
6.000000000000013
5.999999999999996
5.99999999999999
6.000000000000003
5.999999999999994
5.9999999999999805
6.000000000000016
1.9999999999999984
2.0000000000000027
2.0000000000000036
6.000000000000021
5.999999999999976
6.000000000000001
6.000000000000005
6.000000000000002
6.000000000000015
5.999999999999998
6.000000000000036
5.999999999999985
6.000000000000009
11.99999999999996
11.999999999999941
12.000000000000009
11.99999999999997
11.999999999999998
11.999999999999984
12.000000000000037
2.000000000000003
2.0
1.9999999999999967
5.999999999999993
5.999999999999967
5.999999999999977
5.99999999999999
5.999999999999987
6.000000000000015
6.0
6.000000000000014
5.999999999999991
6.000000000000009
6.000000000000018
6.000000000000012
6.000000000000009
6.000000000000013
6.000000000000007
-1.3348613979987587e-17
11.999999999999995
12.0
12.000000000000025
11.999999999999995
12.00000000000003
12.000000000000027
11.999999999999984
12.000000000000048
12.000000000000007
11.99999999999999
12.000000000000036
12.000000000000021
12.000000000000009
11.999999999999984
6.000000000000014
5.999999999999986
5.999999999999988
6.000000000000006
5.999999999999968
6.000000000000013
5.999999999999993
6.000000000000013
5.999999999999989
5.999999999999984
6.0000000000000115
6.000000000000011
6.000000000000003
5.999999999999999
5.99999999999998
7.747375053305538e-17
5.352051130836581e-17
1.9999999999999971
2.0000000000000084
2.0
2.000000000000003
2.000000000000001
1.9999999999999996
12.000000000000016
11.99999999999999
11.999999999999963
12.000000000000039
11.999999999999998
12.000000000000014
12.000000000000048
1.999999999999997
1.9999999999999911
1.9999999999999951
6.000000000000007
5.999999999999985
6.000000000000008
5.999999999999998
5.9999999999999645
6.000000000000015
6.000000000000001
6.000000000000001
6.000000000000013
5.999999999999992
2.0000000000000004
2.0000000000000004
1.9999999999999993
19.999999999999957
20.0
20.00000000000003
19.999999999999964
20.0
20.0
19.99999999999998
20.000000000000014
19.999999999999975
20.000000000000075
20.000000000000032
20.000000000000007
20.000000000000053
20.000000000000036
20.000000000000014
20.00000000000006
19.999999999999996
20.00000000000003
-1.668859440433978e-17
-3.245222310469794e-17
-3.332193783649531e-17
2.0
1.9999999999999971
1.9999999999999978
2.0000000000000004
1.9999999999999991
1.9999999999999987
1.9999999999999953
1.9999999999999993
2.0000000000000098
20.00000000000006
19.999999999999986
20.00000000000001
20.000000000000007
19.99999999999995
20.000000000000014
19.999999999999837
19.99999999999982
20.000000000000025
2.0000000000000004
2.0000000000000004
2.000000000000001
6.000000000000022
5.999999999999991
5.999999999999972
6.000000000000025
6.000000000000013
6.000000000000034
5.999999999999986
6.000000000000001
6.000000000000024
5.999999999999966
2.0000000000000018
1.9999999999999998
1.9999999999999987
1.9999999999999998
1.9999999999999953
1.9999999999999998
2.000000000000005
1.9999999999999956
1.9999999999999973
5.999999999999999
5.999999999999986
6.000000000000007
6.000000000000008
6.000000000000011
-9.277010654050461e-18
11.999999999999963
12.000000000000018
12.000000000000036
12.000000000000028
11.999999999999984
11.999999999999913
11.999999999999993
1.9999999999999987
2.0000000000000013
1.9999999999999951
11.999999999999988
12.0
12.000000000000002
11.999999999999972
12.000000000000004
11.999999999999975
11.999999999999913
6.000000000000002
6.000000000000001
6.000000000000021
6.0000000000000036
5.999999999999973
12.000000000000119
12.000000000000117
12.000000000000078
11.999999999999963
11.999999999999986
12.000000000000057
12.000000000000083
5.999999999999995
6.000000000000008
6.000000000000014
6.0000000000000036
6.0000000000000115
5.99999999999998
6.000000000000008
5.9999999999999805
5.999999999999999
5.9999999999999885
5.999999999999981
6.0
6.000000000000016
5.999999999999992
6.000000000000004
6.000000000000003
6.000000000000019
6.000000000000004
5.999999999999998
6.000000000000023
5.999999999999989
6.00000000000001
5.999999999999953
6.00000000000001
5.9999999999999885
2.0000000000000058
2.0000000000000053
1.9999999999999993
11.999999999999948
12.000000000000016
11.999999999999961
11.999999999999996
11.99999999999997
11.999999999999988
12.0
12.000000000000025
12.0
12.000000000000028
11.99999999999998
12.000000000000032
11.999999999999991
12.00000000000002
2.0000000000000044
2.0
2.000000000000001
1.9999999999999998
2.0000000000000013
2.0000000000000053
6.000000000000007
6.000000000000008
5.999999999999979
6.000000000000028
6.000000000000005
6.0000000000000115
6.000000000000007
5.9999999999999885
5.999999999999992
6.000000000000005
20.000000000000007
20.000000000000036
20.000000000000043
19.99999999999993
19.99999999999993
19.999999999999964
19.999999999999986
20.000000000000068
20.0
11.999999999999948
11.999999999999973
11.999999999999936
11.999999999999973
12.000000000000012
11.99999999999998
12.000000000000044
5.999999999999996
6.000000000000009
5.999999999999988
5.999999999999991
5.999999999999988
2.6151857688680246e-17
5.999999999999986
6.000000000000022
6.000000000000002
6.000000000000041
6.000000000000006
12.00000000000001
11.999999999999991
11.999999999999984
11.999999999999996
12.000000000000002
11.999999999999977
12.00000000000002
12.000000000000032
12.000000000000012
11.999999999999972
11.999999999999982
11.99999999999998
12.000000000000021
12.000000000000025
19.99999999999999
20.000000000000014
19.99999999999986
20.000000000000032
20.000000000000092
20.000000000000036
20.0000000000001
19.99999999999993
20.00000000000005
2.0000000000000004
1.9999999999999996
2.000000000000004
1.9999999999999993
1.9999999999999996
1.9999999999999964
-6.075672473134776e-17
1.5470690740701257e-16
2.0000000000000058
1.9999999999999982
1.9999999999999958
11.999999999999968
11.999999999999993
12.000000000000014
11.999999999999972
12.000000000000007
12.000000000000052
11.999999999999996
5.999999999999996
5.999999999999999
5.999999999999977
5.999999999999986
5.999999999999995
5.999999999999986
6.0
6.0000000000000036
6.00000000000001
6.000000000000002
1.9999999999999984
2.000000000000002
1.9999999999999984
2.510629701730113e-17
5.999999999999988
5.999999999999991
6.000000000000002
5.999999999999997
5.999999999999993
1.6193148836361565e-17
1.9999999999999991
1.9999999999999996
2.000000000000002
12.000000000000028
12.0
11.999999999999982
12.000000000000064
11.999999999999957
12.000000000000032
11.999999999999952
12.000000000000046
12.000000000000039
11.999999999999966
11.999999999999943
11.999999999999993
11.999999999999988
12.000000000000018
11.999999999999993
12.00000000000002
11.999999999999984
12.000000000000028
12.000000000000002
11.999999999999998
11.999999999999975
1.9999999999999956
2.0000000000000027
2.000000000000003
2.000000000000001
2.000000000000002
1.999999999999995
6.000000000000012
5.999999999999974
5.9999999999999885
5.999999999999997
6.000000000000019
11.999999999999988
11.99999999999999
11.999999999999844
11.999999999999988
11.999999999999996
12.000000000000014
12.000000000000009
1.9999999999999993
1.9999999999999996
1.999999999999999
2.0000000000000027
1.999999999999996
1.9999999999999993
5.999999999999991
5.999999999999989
6.000000000000019
6.000000000000003
6.000000000000023
6.00000000000001
6.000000000000013
6.000000000000015
6.000000000000002
5.99999999999998
11.999999999999993
11.999999999999996
11.999999999999927
11.999999999999991
12.000000000000007
12.000000000000089
11.99999999999999
2.000000000000005
1.999999999999998
2.000000000000003
19.999999999999975
20.00000000000001
20.000000000000075
19.999999999999925
20.00000000000002
19.99999999999998
20.00000000000014
19.999999999999996
20.00000000000001
5.9999999999999885
6.0000000000000115
5.999999999999989
6.000000000000004
5.999999999999986
6.0
6.000000000000002
6.000000000000006
6.000000000000006
6.000000000000002
6.000000000000016
5.999999999999999
6.000000000000019
5.999999999999998
6.000000000000005
12.000000000000025
12.000000000000012
11.999999999999996
12.000000000000048
12.000000000000018
11.99999999999998
12.000000000000034
11.999999999999977
12.000000000000027
12.000000000000014
11.999999999999988
12.00000000000004
11.999999999999968
12.000000000000007
2.0000000000000018
2.0000000000000027
1.9999999999999971
1.7838907836642108e-17
-6.292327194109806e-17
9.494116910089919e-18
5.999999999999992
6.000000000000003
6.000000000000011
5.999999999999998
6.000000000000004
11.999999999999991
11.99999999999995
12.000000000000009
11.999999999999961
11.999999999999991
11.999999999999936
12.000000000000032
20.000000000000014
20.00000000000004
19.99999999999999
19.999999999999975
19.999999999999982
19.99999999999996
20.000000000000096
20.0
19.99999999999992
19.999999999999975
20.000000000000043
20.000000000000007
20.0
20.000000000000018
19.99999999999998
20.00000000000002
19.999999999999986
19.999999999999993
2.0000000000000044
2.000000000000011
1.999999999999997
12.000000000000002
11.999999999999984
12.000000000000064
11.999999999999982
12.00000000000001
11.999999999999957
12.000000000000016
1.9999999999999953
2.000000000000003
1.999999999999998
1.9999999999999953
2.0000000000000036
2.0000000000000013
2.0000000000000107
2.000000000000001
1.9999999999999993
5.999999999999985
6.000000000000006
5.999999999999985
6.000000000000012
6.0000000000000036
11.999999999999968
11.99999999999999
12.000000000000007
11.999999999999996
12.000000000000012
12.000000000000014
12.0
11.999999999999993
12.0
11.999999999999991
11.999999999999973
12.000000000000012
12.000000000000046
11.999999999999988
1.9999999999999971
1.999999999999996
2.000000000000002
6.000000000000013
5.999999999999989
6.000000000000007
6.0000000000000115
6.000000000000003
6.000000000000004
6.000000000000016
6.000000000000005
5.999999999999999
5.999999999999986
6.000000000000023
5.999999999999997
6.0000000000000036
5.999999999999993
5.999999999999981
6.000000000000011
5.999999999999992
6.000000000000004
5.999999999999995
6.000000000000008
5.99999999999999
6.000000000000008
5.999999999999992
5.999999999999993
6.000000000000002
2.889676558544569e-17
6.000000000000006
5.9999999999999964
5.99999999999999
5.999999999999956
5.999999999999991
2.0000000000000098
2.000000000000002
2.000000000000003
5.9999999999999885
6.000000000000001
6.000000000000015
5.999999999999984
6.000000000000023
5.999999999999994
5.999999999999996
6.000000000000005
6.000000000000003
5.999999999999969
5.999999999999991
5.999999999999979
6.00000000000001
5.999999999999983
6.000000000000003
-4.4542138696475845e-17
1.9999999999999991
2.0000000000000053
2.0
1.999999999999995
1.999999999999993
1.9999999999999991
1.9999999999999947
1.9999999999999996
2.000000000000008
2.000000000000003
2.000000000000004
2.0
-2.4899631175014133e-17
-2.5841762633594652e-17
12.000000000000004
11.999999999999996
11.999999999999984
12.00000000000001
11.999999999999998
11.999999999999977
11.999999999999984
12.000000000000005
11.999999999999998
11.999999999999975
11.999999999999972
12.000000000000032
12.000000000000004
12.000000000000037
5.999999999999971
6.000000000000009
6.000000000000011
6.0000000000000115
6.000000000000005
11.999999999999908
12.000000000000005
11.999999999999995
12.000000000000048
11.99999999999997
11.999999999999948
11.999999999999941
6.000000000000001
6.000000000000025
5.9999999999999885
5.999999999999996
5.999999999999985
2.000000000000002
1.9999999999999978
1.9999999999999962
2.000000000000004
1.9999999999999987
2.0000000000000004
1.999999999999998
2.0000000000000036
1.9999999999999996
2.000000000000001
2.0000000000000036
1.9999999999999984
12.00000000000005
11.999999999999948
12.000000000000032
12.000000000000002
12.000000000000016
11.999999999999996
11.999999999999968
6.000000000000004
6.000000000000013
5.999999999999992
6.000000000000007
6.000000000000001
5.99999999999998
6.000000000000021
5.999999999999989
5.999999999999996
6.000000000000005
2.0000000000000044
1.9999999999999996
1.9999999999999993
19.999999999999964
20.000000000000036
20.000000000000032
20.00000000000002
20.00000000000003
20.000000000000004
19.99999999999999
19.99999999999999
20.000000000000007
20.000000000000036
20.000000000000004
20.000000000000007
19.999999999999986
20.00000000000001
19.999999999999947
20.00000000000001
20.000000000000007
20.00000000000004
19.999999999999993
20.000000000000036
19.999999999999897
20.0
20.00000000000003
20.000000000000025
19.999999999999996
20.000000000000036
19.999999999999957
6.000000000000003
6.000000000000003
6.000000000000008
6.00000000000001
6.000000000000003
5.999999999999993
6.000000000000002
6.000000000000003
5.999999999999988
6.0000000000000115
6.0000000000000036
6.000000000000003
6.000000000000009
5.999999999999987
6.0000000000000115
12.00000000000003
11.999999999999982
12.000000000000021
12.00000000000002
12.000000000000037
11.99999999999999
11.999999999999973
11.99999999999995
12.00000000000001
12.000000000000057
11.99999999999999
11.999999999999977
12.000000000000016
11.999999999999982
1.9999999999999971
1.9999999999999976
2.0000000000000018
12.00000000000001
12.000000000000044
12.000000000000018
11.999999999999996
12.000000000000032
12.000000000000039
11.999999999999993
5.999999999999973
6.000000000000008
5.99999999999999
6.000000000000014
6.0000000000000036
6.0
6.000000000000001
6.000000000000002
6.0
5.9999999999999964
2.0000000000000004
1.9999999999999911
2.0000000000000004
12.000000000000027
11.999999999999945
11.999999999999991
11.99999999999994
12.000000000000004
12.000000000000007
11.999999999999998
1.9999999999999991
2.000000000000001
2.0
1.999999999999999
2.0000000000000018
1.9999999999999987
6.000000000000018
5.999999999999985
6.000000000000027
5.999999999999994
5.999999999999988
11.999999999999975
12.000000000000052
11.999999999999986
12.000000000000034
11.999999999999996
12.000000000000014
12.000000000000009
11.999999999999973
11.999999999999986
12.000000000000004
12.000000000000012
12.000000000000005
12.000000000000012
11.999999999999982
5.999999999999992
5.999999999999978
6.000000000000007
5.999999999999994
6.000000000000002
19.99999999999998
19.999999999999932
19.99999999999995
20.000000000000025
20.0
20.0
19.99999999999996
20.000000000000032
20.000000000000046
19.999999999999996
19.99999999999998
20.00000000000003
20.000000000000014
20.000000000000032
20.00000000000006
19.99999999999985
20.000000000000025
20.00000000000001
12.000000000000034
11.99999999999998
11.999999999999977
12.000000000000005
12.000000000000023
12.00000000000002
12.000000000000025
11.99999999999998
12.000000000000037
12.000000000000037
12.000000000000023
12.000000000000023
12.000000000000027
11.999999999999986
5.999999999999979
6.000000000000008
6.000000000000006
5.999999999999974
5.999999999999999
2.000000000000005
2.0000000000000013
2.0000000000000027
6.0000000000000036
5.999999999999996
6.000000000000003
6.000000000000012
6.000000000000001
6.000000000000015
6.000000000000023
5.999999999999987
5.99999999999999
5.999999999999986
5.381640171499578e-17
-1.1603874558429513e-16
6.000000000000004
5.999999999999992
5.999999999999984
5.999999999999997
6.000000000000012
2.0000000000000027
2.000000000000002
2.000000000000002
11.999999999999993
11.999999999999996
12.000000000000034
11.99999999999999
12.00000000000002
12.0
12.000000000000037
12.000000000000027
11.999999999999945
12.0
12.00000000000005
11.999999999999991
11.999999999999973
11.99999999999998
19.999999999999947
20.000000000000007
20.00000000000002
20.000000000000018
19.99999999999999
20.00000000000002
19.99999999999996
20.00000000000009
20.000000000000068
11.999999999999929
12.000000000000014
11.999999999999993
12.000000000000012
11.999999999999966
11.999999999999968
11.999999999999968
19.999999999999996
20.000000000000096
20.00000000000006
20.00000000000006
19.999999999999996
20.00000000000005
20.00000000000005
19.99999999999999
20.000000000000004
5.999999999999999
5.999999999999971
5.9999999999999725
5.999999999999989
6.000000000000016
-1.3734228392581963e-17
2.0000000000000013
2.000000000000001
1.9999999999999982
20.000000000000014
19.999999999999932
19.999999999999993
20.000000000000075
20.000000000000043
20.000000000000057
20.00000000000005
19.99999999999998
20.00000000000003
6.000000000000008
5.999999999999993
5.9999999999999964
6.000000000000005
6.000000000000002
5.999999999999993
5.9999999999999725
6.000000000000001
5.999999999999992
5.9999999999999964
2.0000000000000075
2.0
1.999999999999995
1.9999999999999984
2.000000000000002
2.000000000000001
-7.871447533701681e-17
5.999999999999995
5.999999999999986
6.00000000000002
5.999999999999997
5.9999999999999885
6.000000000000001
6.000000000000012
6.00000000000001
6.0
6.000000000000013
30.000000000000252
30.00000000000005
30.00000000000002
30.000000000000213
30.000000000000036
30.000000000000046
29.99999999999992
30.00000000000015
29.999999999999908
29.9999999999999
30.00000000000012
12.00000000000008
11.999999999999957
12.00000000000004
12.00000000000001
12.000000000000062
12.000000000000004
12.000000000000018
12.00000000000001
11.999999999999964
11.999999999999982
12.00000000000003
12.000000000000059
12.0
12.000000000000023
12.000000000000044
11.999999999999991
12.0000000000001
12.00000000000001
12.000000000000039
11.999999999999993
11.999999999999979
2.0000000000000004
2.0000000000000004
1.9999999999999967
2.0000000000000027
2.0
2.000000000000001
1.9999999999999976
2.0000000000000027
2.0000000000000018
19.999999999999954
19.999999999999936
20.000000000000203
19.99999999999987
19.99999999999993
20.000000000000135
20.000000000000004
20.0
20.000000000000053
2.000000000000002
1.9999999999999982
2.0000000000000053
1.9999999999999964
1.999999999999998
2.0000000000000053
-4.292294356445669e-17
-5.815722778170844e-17
11.999999999999982
11.999999999999973
11.999999999999957
11.999999999999963
12.000000000000036
12.000000000000018
12.000000000000028
5.999999999999998
5.999999999999997
6.000000000000011
5.999999999999998
5.9999999999999485
-1.3546145273255023e-18
1.999999999999995
1.9999999999999953
2.0000000000000013
1.9999999999999978
1.9999999999999987
1.999999999999995
11.999999999999979
11.999999999999991
11.99999999999997
11.99999999999996
11.999999999999973
12.000000000000052
12.000000000000034
-3.571968412689218e-17
-9.594416201692805e-17
6.000000000000006
6.0
5.999999999999981
6.00000000000003
6.000000000000005
6.000000000000017
5.99999999999997
5.999999999999993
5.9999999999999964
6.000000000000006
6.0
5.999999999999993
6.0
5.999999999999954
5.999999999999991
2.000000000000003
2.000000000000005
1.9999999999999993
2.000000000000006
1.9999999999999978
2.0000000000000075
1.9999999999999991
1.9999999999999956
1.9999999999999927
1.9999999999999984
2.0000000000000013
1.9999999999999976
2.0000000000000013
2.000000000000002
1.9999999999999964
6.000000000000009
6.000000000000018
5.999999999999987
5.999999999999988
5.999999999999989
20.000000000000064
19.999999999999908
20.00000000000005
19.99999999999999
19.999999999999975
20.0
20.00000000000003
20.0000000000001
20.000000000000018
6.000000000000004
5.999999999999997
6.000000000000015
5.999999999999997
6.000000000000002
6.000000000000001
6.000000000000014
5.999999999999988
6.000000000000015
6.000000000000009
12.000000000000062
11.999999999999988
12.00000000000002
11.99999999999999
11.999999999999911
12.000000000000048
12.000000000000005
12.0
11.999999999999993
12.000000000000025
11.999999999999995
12.00000000000002
12.000000000000009
12.00000000000001
6.0000000000000115
5.999999999999981
6.00000000000002
5.9999999999999725
6.000000000000006
2.0000000000000004
1.999999999999998
1.9999999999999951
12.00000000000004
11.999999999999977
12.000000000000014
11.999999999999979
11.99999999999996
12.00000000000001
12.000000000000032
1.9999999999999996
2.0000000000000004
2.000000000000002
1.9999999999999996
1.9999999999999971
2.0000000000000058
1.9999999999999931
2.0000000000000018
2.0000000000000036
5.9999999999999964
6.0000000000000036
5.999999999999991
6.000000000000001
5.999999999999998
6.000000000000001
5.999999999999997
6.000000000000003
6.000000000000009
5.999999999999996
5.99999999999997
5.999999999999991
6.000000000000005
5.999999999999981
6.000000000000011
6.000000000000005
6.0
5.999999999999985
6.0000000000000036
6.000000000000018
30.00000000000007
30.000000000000178
29.999999999999975
30.000000000000004
30.000000000000096
30.00000000000002
29.999999999999975
30.000000000000053
29.999999999999968
29.99999999999999
29.99999999999995
30.000000000000007
29.99999999999992
30.00000000000004
30.00000000000015
30.000000000000178
29.999999999999957
30.000000000000018
30.00000000000003
30.000000000000078
30.00000000000003
30.000000000000018
12.000000000000007
11.999999999999988
12.000000000000034
12.0
12.000000000000025
11.999999999999991
11.999999999999991
19.999999999999982
20.00000000000001
20.000000000000046
20.000000000000096
19.999999999999954
20.000000000000032
19.999999999999968
20.00000000000001
19.999999999999954
19.999999999999996
19.999999999999957
20.000000000000064
19.999999999999993
20.000000000000114
20.0
20.000000000000014
19.99999999999996
20.0
2.000000000000003
2.0000000000000018
1.9999999999999958
1.9999999999999987
2.0000000000000013
2.0000000000000013
1.9999999999999991
2.0000000000000036
1.9999999999999973
5.999999999999999
6.0000000000000115
5.999999999999993
6.000000000000014
5.999999999999999
6.000000000000006
6.000000000000008
6.000000000000009
6.000000000000006
6.000000000000009
6.000000000000016
6.000000000000041
5.9999999999999885
5.999999999999995
5.999999999999984
5.999999999999982
5.999999999999977
5.999999999999982
5.999999999999987
6.000000000000002
12.00000000000001
12.000000000000028
12.000000000000007
12.000000000000117
12.00000000000001
12.000000000000027
12.0
11.999999999999945
11.999999999999964
12.000000000000034
11.999999999999972
11.999999999999995
12.000000000000036
12.000000000000021
2.6945487615034016e-17
2.0390888607802556e-17
5.999999999999992
6.000000000000012
6.000000000000017
5.9999999999999885
6.000000000000002
2.000000000000003
2.000000000000002
1.9999999999999982
12.000000000000009
12.00000000000004
11.999999999999964
12.000000000000012
12.000000000000037
12.000000000000032
11.999999999999961
2.000000000000003
2.000000000000001
1.9999999999999987
2.000000000000002
2.0000000000000036
2.000000000000002
-4.424110374539017e-17
2.306509220370418e-18
12.000000000000007
12.000000000000034
11.999999999999975
12.0
12.000000000000014
11.999999999999984
12.000000000000007
5.999999999999987
5.999999999999997
6.000000000000004
5.999999999999985
6.0000000000000115
6.0000000000000036
6.000000000000021
5.9999999999999964
5.999999999999994
5.999999999999987
2.0000000000000004
2.0000000000000013
2.000000000000001
6.000000000000008
5.99999999999999
5.999999999999983
6.000000000000008
6.000000000000004
11.9999999999999
12.00000000000005
12.000000000000032
12.000000000000014
12.00000000000004
12.000000000000018
11.99999999999998
2.0
2.0000000000000013
2.000000000000008
12.000000000000073
11.99999999999998
12.000000000000057
11.999999999999964
11.999999999999993
12.000000000000075
11.999999999999943
11.999999999999977
11.999999999999938
12.0
12.000000000000071
11.99999999999997
11.99999999999998
11.999999999999986
12.000000000000027
11.999999999999984
11.999999999999996
12.000000000000012
12.000000000000005
12.000000000000007
12.000000000000037
5.999999999999992
6.000000000000012
5.999999999999954
5.999999999999987
5.999999999999996
6.000000000000009
5.9999999999999964
5.9999999999999805
5.999999999999983
5.99999999999999
-5.0380947395170185e-17
4.869555161443712e-17
2.000000000000005
1.9999999999999984
2.0000000000000013
2.000000000000002
2.000000000000001
2.000000000000003
1.999999999999995
1.9999999999999976
2.0000000000000093
6.000000000000003
5.999999999999992
6.000000000000011
5.9999999999999805
6.0000000000000195
6.000000000000003
5.999999999999995
6.0
6.000000000000019
5.999999999999991
1.999999999999995
2.000000000000004
2.0000000000000036
11.999999999999982
12.000000000000014
12.000000000000057
12.000000000000075
12.000000000000025
12.00000000000001
12.000000000000055
12.000000000000004
11.99999999999995
12.000000000000002
12.00000000000003
11.999999999999998
11.999999999999968
12.000000000000023
11.999999999999975
11.999999999999975
11.999999999999993
12.000000000000055
12.000000000000016
12.00000000000005
11.999999999999961
5.999999999999991
6.000000000000002
6.000000000000015
6.000000000000002
6.000000000000004
12.000000000000002
11.999999999999945
12.00000000000002
11.999999999999984
11.999999999999991
12.0
12.000000000000028
20.000000000000053
20.00000000000004
20.00000000000011
20.00000000000003
19.999999999999982
19.99999999999993
20.000000000000064
20.00000000000003
20.000000000000192
20.000000000000032
20.0000000000001
19.99999999999998
20.000000000000096
19.99999999999998
20.00000000000004
20.000000000000107
19.999999999999964
20.000000000000046
20.000000000000085
20.0000000000001
19.999999999999993
19.999999999999964
19.99999999999993
20.00000000000005
20.00000000000008
19.9999999999999
20.000000000000046
5.999999999999977
6.000000000000006
6.000000000000015
6.0
6.000000000000012
5.9999999999999964
5.999999999999999
6.000000000000006
6.0000000000000115
6.000000000000014
2.0000000000000027
2.0000000000000018
2.0000000000000018
1.9999999999999976
2.0000000000000004
2.0000000000000067
5.99999999999997
6.000000000000008
5.999999999999987
6.0000000000000275
5.999999999999988
-4.021402475089365e-17
12.000000000000005
12.000000000000004
12.000000000000048
11.999999999999979
12.000000000000027
11.999999999999927
12.000000000000032
20.00000000000001
20.0000000000001
20.000000000000018
20.0
19.99999999999995
19.999999999999968
20.000000000000014
20.00000000000005
19.999999999999964
20.0
20.00000000000005
19.999999999999986
20.000000000000036
20.000000000000057
19.999999999999925
20.000000000000032
20.000000000000043
20.0000000000001
20.000000000000114
20.000000000000043
19.999999999999982
19.999999999999954
20.0
20.000000000000036
19.999999999999964
19.999999999999982
20.00000000000005
12.000000000000014
12.000000000000014
12.000000000000025
11.999999999999986
11.999999999999952
12.000000000000007
12.000000000000023
5.999999999999994
6.000000000000023
5.999999999999997
6.000000000000018
5.999999999999993
12.000000000000078
12.000000000000028
11.999999999999979
11.999999999999996
12.000000000000014
12.000000000000007
12.000000000000012
12.00000000000001
11.999999999999973
11.999999999999973
11.999999999999982
11.999999999999996
11.999999999999964
11.999999999999968
19.999999999999996
19.999999999999968
20.000000000000046
19.999999999999954
19.999999999999996
19.999999999999993
20.00000000000003
20.00000000000002
20.000000000000004
19.999999999999975
19.999999999999915
19.999999999999982
20.00000000000011
19.99999999999994
19.99999999999997
20.000000000000014
20.00000000000003
20.000000000000018
2.0000000000000004
2.0000000000000004
1.9999999999999964
1.9999999999999944
1.9999999999999998
2.000000000000001
30.00000000000029
30.000000000000135
30.000000000000224
29.9999999999998
29.999999999999726
30.000000000000085
30.00000000000019
29.99999999999989
29.99999999999995
30.000000000000053
30.000000000000426
5.999999999999998
5.9999999999999964
5.99999999999999
5.999999999999975
6.00000000000001
6.000000000000012
5.999999999999997
6.000000000000003
6.000000000000017
5.999999999999988
6.000000000000018
5.999999999999978
6.000000000000019
5.99999999999999
6.000000000000008
5.99999999999999
5.999999999999994
6.0000000000000115
5.999999999999989
6.000000000000005
2.0000000000000044
2.0
2.000000000000003
1.9999999999999984
1.9999999999999964
2.000000000000003
-1.0976100112767128e-16
5.999999999999999
5.999999999999972
6.000000000000013
6.000000000000012
6.000000000000012
1.9999999999999998
2.0000000000000053
1.9999999999999991
2.000000000000004
2.0000000000000093
2.000000000000002
1.9999999999999996
2.0000000000000004
2.0000000000000018
2.000000000000002
1.9999999999999991
1.9999999999999936
5.999999999999965
5.999999999999999
6.000000000000022
5.9999999999999805
6.0000000000000275
-2.2610631280083783e-17
-5.174967099454167e-17
5.999999999999985
6.000000000000014
5.999999999999998
6.000000000000015
5.999999999999991
5.999999999999978
5.999999999999997
5.9999999999999964
6.00000000000001
5.999999999999976
1.9999999999999971
2.000000000000001
2.0000000000000018
2.0000000000000004
1.9999999999999971
1.9999999999999944
12.000000000000034
12.000000000000012
11.999999999999972
12.000000000000007
12.000000000000021
11.999999999999936
11.999999999999991
12.000000000000025
12.000000000000016
12.000000000000004
11.999999999999986
12.0
12.000000000000007
12.000000000000023
-1.07568437641851e-17
6.0
5.999999999999993
5.999999999999998
5.999999999999989
5.999999999999998
-6.715431470643246e-17
6.000000000000005
6.000000000000015
5.999999999999994
5.999999999999971
6.0000000000000036
5.999999999999997
5.999999999999999
5.999999999999997
6.000000000000002
6.000000000000012
19.999999999999975
20.0
19.999999999999957
20.00000000000001
20.000000000000004
19.99999999999992
19.999999999999964
19.999999999999925
20.0
11.999999999999964
12.000000000000023
11.999999999999947
11.99999999999993
12.0
12.000000000000025
11.999999999999957
1.9999999999999944
1.9999999999999958
2.000000000000004
6.000000000000012
6.00000000000002
6.000000000000001
6.000000000000002
6.00000000000001
6.000000000000006
6.0000000000000115
6.000000000000004
6.000000000000006
6.000000000000006
5.999999999999998
5.999999999999995
5.999999999999997
6.000000000000001
6.000000000000013
2.000000000000001
2.000000000000004
1.9999999999999962
11.999999999999961
11.999999999999957
12.00000000000006
12.000000000000009
12.000000000000032
11.999999999999986
11.999999999999991
12.000000000000036
12.000000000000009
12.000000000000055
12.000000000000021
12.000000000000014
11.999999999999993
12.00000000000001
12.000000000000034
11.999999999999977
11.999999999999993
12.000000000000009
11.999999999999993
12.000000000000009
11.999999999999993
12.000000000000039
12.000000000000096
12.000000000000046
11.999999999999979
12.00000000000008
11.999999999999948
12.000000000000007
6.0000000000000275
5.999999999999995
6.000000000000011
5.999999999999979
5.999999999999974
1.9999999999999984
1.999999999999994
1.9999999999999936
5.999999999999968
5.999999999999992
5.999999999999997
5.999999999999979
6.000000000000029
4.656544695825678e-17
1.9999999999999956
2.0
1.999999999999994
2.0000000000000013
1.9999999999999998
1.9999999999999996
2.0000000000000004
2.000000000000002
1.999999999999998
2.0000000000000044
1.9999999999999962
1.9999999999999998
5.999999999999977
6.000000000000011
5.999999999999993
6.000000000000017
5.999999999999999
6.0
5.999999999999999
6.000000000000003
6.000000000000008
6.000000000000015
20.00000000000011
19.99999999999994
20.000000000000046
20.000000000000057
20.000000000000007
19.999999999999893
19.999999999999964
20.000000000000018
20.00000000000003
11.99999999999998
12.000000000000027
11.999999999999979
11.99999999999995
11.99999999999999
11.999999999999927
12.00000000000004
12.000000000000044
11.999999999999982
12.000000000000057
11.999999999999964
11.999999999999972
12.000000000000014
11.999999999999977
11.999999999999957
11.999999999999986
12.000000000000046
12.00000000000001
12.000000000000018
12.000000000000032
12.000000000000009
12.000000000000005
11.999999999999998
12.000000000000016
12.000000000000062
12.000000000000007
11.999999999999954
12.000000000000009
6.000000000000001
5.999999999999991
5.999999999999985
5.999999999999991
6.000000000000012
6.000000000000001
5.9999999999999645
5.999999999999989
5.999999999999991
5.999999999999991
2.0000000000000018
1.999999999999997
2.0000000000000044
1.9999999999999962
2.0000000000000013
1.9999999999999958
1.9999999999999987
2.0000000000000058
1.9999999999999976
6.0000000000000036
5.999999999999994
6.000000000000004
6.000000000000011
6.000000000000023
5.999999999999997
5.999999999999995
6.000000000000009
6.00000000000001
6.000000000000011
12.00000000000003
11.999999999999993
11.999999999999984
12.000000000000005
12.0
11.999999999999993
12.000000000000009
12.000000000000007
11.999999999999979
12.000000000000023
11.999999999999998
12.000000000000016
12.000000000000012
11.999999999999986
2.0000000000000067
1.9999999999999973
2.0000000000000013
2.0000000000000036
2.0000000000000084
2.0000000000000013
12.000000000000085
12.000000000000078
11.9999999999999
12.000000000000016
12.000000000000027
12.000000000000028
11.999999999999982
6.000000000000001
6.000000000000008
6.000000000000007
5.99999999999999
5.999999999999996
5.999999999999994
5.999999999999996
6.000000000000008
6.00000000000003
6.000000000000001
5.999999999999998
6.000000000000007
5.999999999999984
6.00000000000002
6.000000000000017
19.99999999999991
20.000000000000025
19.99999999999997
19.999999999999993
20.00000000000003
20.000000000000007
20.000000000000036
20.0
19.999999999999957
19.999999999999986
20.000000000000004
20.000000000000068
20.000000000000053
19.999999999999932
19.999999999999968
19.999999999999982
20.00000000000003
20.000000000000004
5.207335048457628e-17
3.2820162760893043e-18
1.9999999999999942
2.0
1.9999999999999865
2.000000000000003
2.000000000000001
2.0000000000000004
1.9999999999999998
2.000000000000003
2.0000000000000027
-2.1413662669174817e-17
6.000000000000004
6.000000000000005
6.000000000000034
5.999999999999971
5.999999999999976
19.99999999999995
19.999999999999932
19.999999999999975
20.000000000000025
20.00000000000003
20.00000000000012
20.000000000000107
20.000000000000046
19.999999999999943
6.000000000000003
5.99999999999998
6.0000000000000036
5.999999999999993
5.999999999999974
6.000000000000004
5.999999999999994
6.000000000000015
5.999999999999988
6.00000000000001
5.999999999999986
5.999999999999993
6.00000000000001
6.000000000000002
6.0000000000000115
12.000000000000036
12.000000000000055
12.000000000000009
11.999999999999973
11.999999999999993
11.999999999999991
12.00000000000001
11.999999999999991
11.999999999999998
11.999999999999991
12.000000000000005
12.0
11.99999999999997
11.999999999999995
-3.0390903969737036e-17
1.9999999999999873
2.000000000000001
2.0000000000000018
6.000000000000008
5.999999999999999
6.000000000000035
5.9999999999999964
5.999999999999989
6.000000000000012
6.000000000000001
5.99999999999999
5.999999999999995
6.000000000000006
1.9999999999999991
2.0000000000000013
2.000000000000006
8.232216875060242e-17
1.9999999999999976
2.000000000000001
2.0000000000000044
11.999999999999972
11.999999999999948
11.999999999999993
12.000000000000021
12.000000000000014
12.000000000000044
12.00000000000001
12.000000000000034
12.000000000000007
12.000000000000036
11.999999999999982
12.000000000000002
12.000000000000002
11.999999999999975
5.9999999999999645
6.000000000000003
5.99999999999998
5.999999999999968
6.000000000000014
11.999999999999982
11.999999999999973
12.000000000000028
11.999999999999996
11.999999999999972
12.000000000000039
12.000000000000023
11.999999999999996
12.000000000000004
12.000000000000096
11.999999999999998
12.000000000000037
11.999999999999979
11.999999999999986
20.0
19.99999999999992
20.000000000000075
19.999999999999975
20.00000000000004
19.999999999999897
20.000000000000018
19.999999999999975
19.99999999999996
20.00000000000008
19.999999999999943
20.00000000000005
19.999999999999954
19.999999999999915
19.99999999999997
20.000000000000025
19.999999999999964
20.000000000000046
12.00000000000002
11.999999999999984
12.000000000000021
11.999999999999945
12.000000000000002
11.999999999999943
11.999999999999996
6.000000000000005
6.000000000000001
5.999999999999995
6.000000000000017
5.999999999999984
6.000000000000007
5.9999999999999964
5.999999999999991
6.0000000000000195
5.999999999999999
5.99999999999999
6.000000000000005
5.999999999999992
5.999999999999984
5.999999999999995
30.00000000000004
29.999999999999513
29.99999999999974
30.000000000000135
30.00000000000026
30.000000000000128
29.999999999999496
30.00000000000027
30.000000000000394
30.00000000000025
29.999999999999968
11.99999999999997
12.000000000000025
12.000000000000023
11.999999999999961
12.000000000000009
12.00000000000001
12.0
12.000000000000027
12.000000000000012
11.999999999999998
11.999999999999982
12.00000000000003
12.000000000000009
11.999999999999998
12.000000000000046
12.00000000000002
11.999999999999973
11.999999999999991
11.999999999999964
12.000000000000007
12.00000000000004
1.9999999999999973
1.999999999999998
2.000000000000001
1.9999999999999964
2.000000000000002
1.9999999999999971
19.99999999999997
20.000000000000032
19.999999999999993
20.000000000000046
19.99999999999998
20.000000000000043
19.999999999999975
20.00000000000001
19.999999999999947
20.000000000000018
20.00000000000005
19.999999999999915
20.000000000000032
20.000000000000046
20.000000000000046
20.000000000000004
20.00000000000004
19.999999999999964
6.000000000000011
6.0000000000000195
6.0
6.00000000000001
6.000000000000023
6.000000000000011
5.9999999999999964
5.999999999999992
6.000000000000002
5.999999999999995
12.00000000000002
12.000000000000018
12.000000000000021
12.000000000000068
11.999999999999986
11.999999999999966
12.000000000000021
12.000000000000009
11.999999999999986
12.000000000000052
11.999999999999975
12.000000000000021
12.000000000000034
12.000000000000007
2.0000000000000098
2.0000000000000044
2.0
19.99999999999999
20.00000000000009
19.99999999999989
19.99999999999999
19.999999999999922
19.99999999999995
20.000000000000068
20.000000000000075
19.99999999999981
12.000000000000057
12.000000000000007
12.000000000000037
11.999999999999963
11.999999999999991
12.000000000000004
11.99999999999995
20.000000000000004
20.000000000000064
19.99999999999996
20.000000000000057
20.00000000000004
19.999999999999986
20.000000000000043
20.00000000000006
20.00000000000008
20.00000000000009
19.999999999999964
19.99999999999999
19.99999999999993
20.0
19.99999999999995
19.99999999999997
19.999999999999932
19.99999999999997
20.000000000000018
20.000000000000046
19.99999999999995
19.999999999999954
20.00000000000002
20.000000000000025
20.000000000000032
20.000000000000014
20.00000000000001
20.000000000000213
20.000000000000025
20.000000000000036
19.999999999999932
19.999999999999847
19.99999999999997
19.99999999999996
20.00000000000003
20.000000000000014
5.9999999999999885
6.000000000000001
6.000000000000015
5.999999999999992
5.999999999999997
1.9999999999999967
1.9999999999999918
2.0000000000000036
2.0000000000000027
1.9999999999999973
1.9999999999999971
11.999999999999986
12.000000000000018
12.000000000000002
11.999999999999998
11.99999999999999
11.99999999999998
12.000000000000007
11.99999999999999
11.999999999999998
12.000000000000014
12.000000000000018
12.000000000000009
11.999999999999972
11.999999999999995
1.783403405982744e-18
6.000000000000006
5.999999999999989
5.999999999999997
6.000000000000012
6.000000000000014
11.99999999999997
12.00000000000004
12.00000000000001
11.99999999999996
12.000000000000016
11.99999999999999
11.999999999999984
30.00000000000006
30.000000000000064
30.000000000000004
30.000000000000085
29.999999999999975
30.000000000000004
29.999999999999908
30.000000000000146
30.00000000000015
30.000000000000128
29.99999999999997
30.000000000000075
30.000000000000018
29.999999999999954
29.99999999999974
29.99999999999998
30.00000000000006
29.999999999999975
30.000000000000025
30.000000000000053
29.999999999999876
30.000000000000078
6.000000000000009
5.9999999999999964
5.999999999999992
5.999999999999999
5.999999999999992
5.999999999999983
6.000000000000021
6.000000000000014
5.999999999999987
5.999999999999983
19.99999999999992
20.000000000000068
20.00000000000007
19.99999999999999
19.99999999999997
19.99999999999991
19.999999999999947
20.000000000000174
19.999999999999982
5.999999999999992
5.999999999999971
6.000000000000004
5.99999999999999
5.999999999999993
6.00000000000001
5.999999999999983
6.00000000000001
6.000000000000001
6.000000000000016
30.00000000000016
30.000000000000192
29.999999999999858
30.000000000000192
30.000000000000266
29.99999999999953
30.00000000000032
29.99999999999977
29.999999999999737
30.000000000000085
29.99999999999991
11.999999999999952
11.999999999999977
12.00000000000001
11.999999999999991
11.99999999999998
11.999999999999964
12.00000000000006
11.99999999999999
12.000000000000036
12.000000000000005
12.00000000000009
11.99999999999997
12.000000000000009
12.000000000000014
1.9999999999999931
2.000000000000002
1.999999999999998
11.999999999999975
11.99999999999998
12.00000000000001
12.000000000000018
11.999999999999995
12.000000000000048
12.000000000000007
11.999999999999954
12.000000000000039
12.000000000000021
11.999999999999995
11.999999999999961
11.999999999999982
11.999999999999964
2.000000000000005
2.0000000000000036
2.000000000000001
2.0000000000000004
2.0000000000000004
2.000000000000003
-1.0054434024089693e-16
5.999999999999998
6.000000000000025
6.000000000000037
6.000000000000008
5.999999999999986
6.000000000000018
6.000000000000026
5.999999999999998
5.999999999999967
5.99999999999999
20.000000000000014
20.000000000000043
19.999999999999964
20.00000000000004
20.000000000000036
19.99999999999999
20.000000000000036
20.000000000000032
20.000000000000043
20.000000000000018
19.999999999999993
20.0
19.999999999999968
19.9999999999999
20.000000000000064
19.99999999999997
19.999999999999968
19.99999999999999
12.000000000000039
11.999999999999952
12.000000000000052
11.999999999999988
11.999999999999995
12.000000000000014
11.999999999999963
12.000000000000004
11.999999999999975
11.999999999999996
11.999999999999991
11.999999999999984
12.000000000000032
12.000000000000023
20.000000000000004
20.000000000000078
19.99999999999999
19.999999999999925
19.99999999999999
20.000000000000114
19.99999999999998
19.999999999999936
20.00000000000001
20.00000000000006
20.000000000000114
20.00000000000006
19.999999999999964
19.99999999999994
20.000000000000053
19.999999999999734
19.999999999999886
20.000000000000043
19.99999999999997
19.999999999999996
19.999999999999986
20.00000000000009
19.999999999999915
19.999999999999886
19.99999999999982
20.000000000000036
20.000000000000018
29.999999999999893
30.000000000000412
29.999999999999897
30.000000000000128
30.000000000000288
29.99999999999988
30.000000000000163
30.000000000000053
30.000000000000046
29.999999999999986
29.999999999999897
29.999999999999954
30.000000000000018
30.000000000000018
30.000000000000036
29.999999999999996
30.000000000000043
29.99999999999989
30.000000000000057
29.999999999999908
30.000000000000043
29.999999999999954
30.000000000000075
29.999999999999886
29.999999999999915
29.999999999999904
30.00000000000015
29.99999999999991
30.00000000000006
30.00000000000003
30.000000000000043
30.00000000000023
30.000000000000153
42.00000000000074
42.00000000000007
42.000000000003965
42.00000000000203
41.99999999999991
41.99999999999936
42.0
42.0
41.99999999999751
42.00000000000047
41.99999999999937
42.00000000000007
42.0000000000006
