0.0
8.881784197001252e-16
1.7763568394002505e-15
1.7763568394002505e-15
0.36385489792689096
0.36385489792689096
0.36385489792689096
0.3638548979268923
0.7811607991212313
0.7811607991212322
0.7811607991212322
0.781160799121233
0.8485490165873566
0.8485490165873575
1.1774486048700288
1.1774486048700288
1.1774486048700297
1.1774486048700297
1.1774486048700297
1.1774486048700297
1.1774486048700297
1.1774486048700297
1.2753346066958278
1.2753346066958287
1.2753346066958287
1.2753346066958287
1.3762233739373309
1.3762233739373313
1.3762233739373313
1.3762233739373322
1.4583495704444207
1.4583495704444207
1.4583495704444207
1.4583495704444207
1.4583495704444216
1.4583495704444216
1.5587048194316457
1.5587048194316466
1.5587048194316466
1.5587048194316475
1.5927612835417548
1.5927612835417548
1.7684145778068516
1.7684145778068516
1.7684145778068516
1.7684145778068523
1.7684145778068523
1.768414577806853
1.7684145778068534
1.7684145778068534
1.7923775935578017
1.7923775935578017
1.7923775935578024
1.7923775935578024
1.8912825248199372
1.8912825248199376
2.0186002020784155
2.0186002020784155
2.0186002020784164
2.0186002020784164
2.0186002020784164
2.0186002020784164
2.0186002020784164
2.0186002020784164
2.0186002020784164
2.0186002020784173
2.0186002020784173
2.0186002020784173
2.0254795708438245
2.0254795708438245
2.0254795708438245
2.0254795708438253
2.060937673543819
2.060937673543819
2.06093767354382
2.06093767354382
2.0865773082213255
2.0865773082213255
2.1946124370393782
2.1946124370393782
2.207518938357206
2.207518938357206
2.207518938357206
2.207518938357206
2.207518938357207
2.207518938357207
2.207518938357207
2.207518938357208
2.285807418551952
2.285807418551952
2.2858074185519524
2.2858074185519524
2.2858074185519524
2.2858074185519524
2.2858074185519532
2.2858074185519532
2.430867222931175
2.430867222931175
2.430867222931175
2.430867222931175
2.4424140829559478
2.4424140829559478
2.4424140829559478
2.4424140829559478
2.4682701405421414
2.4682701405421414
2.4682701405421414
2.4682701405421414
2.4682701405421414
2.4682701405421414
2.4682701405421414
2.4682701405421423
2.4938261048975323
2.4938261048975336
2.4938261048975336
2.4938261048975336
2.723475777994227
2.723475777994227
2.723475777994228
2.723475777994228
2.8242703848899966
2.8242703848899966
2.8242703848899975
2.8242703848899975
2.825562343590819
2.825562343590819
2.825562343590819
2.82556234359082
2.8432408772708144
2.8432408772708144
2.8432408772708144
2.8432408772708144
2.8432408772708144
2.8432408772708144
2.8432408772708153
2.8432408772708153
2.85930595326752
2.85930595326752
2.8692589471850862
2.8692589471850862
2.8692589471850862
2.8692589471850862
2.8692589471850862
2.8692589471850862
2.8692589471850862
2.869258947185087
2.869258947185087
2.869258947185087
2.869258947185087
2.869258947185087
2.8876431351455594
2.8876431351455594
2.8876431351455594
2.8876431351455594
2.9416906530519533
2.9416906530519533
2.9416906530519533
2.9416906530519533
2.9416906530519533
2.9416906530519533
3.067366666416838
3.067366666416839
3.132241317903528
3.132241317903528
3.132241317903528
3.132241317903528
3.142621663303156
3.142621663303156
3.142621663303156
3.142621663303156
3.142621663303156
3.142621663303156
3.142621663303156
3.142621663303157
3.142621663303157
3.142621663303157
3.142621663303157
3.142621663303157
3.1497336698596206
3.1497336698596206
3.1497336698596206
3.1497336698596214
3.1497336698596214
3.1497336698596214
3.1497336698596214
3.1497336698596214
3.158847959864707
3.158847959864707
3.158847959864708
3.158847959864708
3.2366321564916074
3.2366321564916083
3.240926817396516
3.240926817396516
3.240926817396516
3.240926817396516
3.240926817396516
3.240926817396516
3.240926817396516
3.2409268173965167
3.2988123648261656
3.2988123648261656
3.2988123648261656
3.2988123648261656
3.2988123648261656
3.298812364826167
3.298812364826167
3.298812364826167
3.3349828676322932
3.3349828676322932
3.3349828676322932
3.3349828676322932
3.402629864015415
3.402629864015415
3.402629864015415
3.402629864015415
3.4583370853651
3.4583370853651
3.4583370853651
3.4583370853651
3.4583370853651
3.458337085365101
3.493280549483081
3.493280549483081
3.493280549483081
3.493280549483081
3.493280549483081
3.493280549483081
3.493280549483081
3.493280549483081
3.5172800245508555
3.5172800245508555
3.5172800245508555
3.5172800245508555
3.5172800245508555
3.5172800245508564
3.5172800245508564
3.5172800245508564
3.5172800245508564
3.5172800245508564
3.5172800245508564
3.5172800245508564
3.5218192269640354
3.5218192269640354
3.5218192269640354
3.5218192269640354
3.5868116994961783
3.586811699496179
3.586811699496179
3.586811699496179
3.586811699496179
3.586811699496179
3.654981441754016
3.654981441754016
3.654981441754016
3.654981441754016
3.6752912538296876
3.6752912538296885
3.808627424091149
3.808627424091149
3.821254645039385
3.821254645039385
3.821254645039385
3.821254645039385
3.821254645039385
3.821254645039385
3.821254645039385
3.821254645039385
3.8373121397271643
3.8373121397271643
3.8373121397271643
3.8373121397271657
3.9148729428260562
3.9148729428260562
3.9148729428260562
3.914872942826057
3.914872942826057
3.914872942826057
3.914872942826057
3.914872942826057
3.9196133324816107
3.9196133324816107
3.9196133324816107
3.9196133324816107
3.9196133324816107
3.9196133324816107
3.9196133324816107
3.9196133324816107
3.9196133324816116
3.9196133324816116
3.9196133324816116
3.9196133324816116
3.9196133324816116
3.9196133324816116
3.9196133324816116
3.9196133324816116
3.9457671811622372
3.945767181162238
3.945767181162238
3.945767181162238
3.945767181162238
3.945767181162238
3.945767181162238
3.945767181162238
3.945767181162238
3.945767181162238
3.945767181162238
3.945767181162239
3.953632143154604
3.953632143154604
3.953632143154604
3.953632143154604
4.040464561989338
4.040464561989338
4.040464561989339
4.040464561989339
4.078382711468005
4.078382711468005
4.078382711468005
4.078382711468005
4.078382711468005
4.078382711468005
4.078382711468005
4.078382711468005
4.078382711468005
4.078382711468005
4.078382711468006
4.078382711468006
4.136785019311206
4.136785019311206
4.136785019311206
4.136785019311206
4.136785019311206
4.136785019311206
4.2293288237163456
4.2293288237163456
4.2293288237163456
4.2293288237163456
4.2293288237163456
4.2293288237163456
4.239403097870003
4.239403097870003
4.239403097870003
4.239403097870003
4.239403097870003
4.239403097870003
4.239403097870005
4.239403097870005
4.334640713970296
4.3346407139702965
4.410115701009888
4.410115701009888
4.4101157010098895
4.4101157010098895
4.4766445588300545
4.476644558830055
4.476644558830055
4.476644558830056
4.562553090654074
4.562553090654075
4.562553090654075
4.562553090654075
4.562553090654075
4.562553090654075
4.562553090654075
4.562553090654076
4.622548257734383
4.622548257734383
4.622548257734383
4.622548257734383
4.641418888599183
4.641418888599183
4.641418888599183
4.641418888599183
4.641418888599184
4.641418888599184
4.6742590714319086
4.6742590714319086
4.6742590714319086
4.6742590714319086
4.716024700933383
4.716024700933384
4.749327238700655
4.749327238700656
4.749327238700656
4.749327238700656
4.8647485043399845
4.8647485043399845
4.8647485043399845
4.8647485043399845
4.864748504339985
4.864748504339985
4.864748504339985
4.864748504339985
4.867035739103483
4.867035739103483
4.867035739103483
4.867035739103483
4.867035739103483
4.867035739103484
4.867035739103484
4.867035739103484
4.867035739103484
4.867035739103484
4.867035739103484
4.867035739103484
4.911171889211582
4.911171889211582
4.911171889211582
4.911171889211582
4.911171889211582
4.911171889211582
4.911171889211582
4.911171889211582
4.911171889211582
4.911171889211582
4.911171889211582
4.911171889211582
4.9827957551262525
4.9827957551262525
4.9827957551262525
4.982795755126253
4.982795755126253
4.982795755126253
5.032954130934449
5.032954130934449
5.032954130934449
5.032954130934449
5.032954130934449
5.032954130934449
5.032954130934449
5.032954130934449
5.032954130934449
5.032954130934451
5.032954130934451
5.032954130934451
5.032954130934451
5.032954130934451
5.032954130934451
5.032954130934451
5.046583608801987
5.046583608801987
5.046583608801987
5.046583608801987
5.046583608801987
5.046583608801988
5.046583608801988
5.046583608801988
5.134503555948919
5.134503555948919
5.13450355594892
5.13450355594892
5.1694862083170685
5.1694862083170685
5.1694862083170685
5.169486208317069
5.221167955386525
5.221167955386525
5.221167955386525
5.221167955386525
5.225331357051958
5.225331357051958
5.225331357051958
5.225331357051958
5.225331357051958
5.225331357051958
5.225331357051958
5.225331357051958
5.298236084297034
5.298236084297034
5.298236084297036
5.298236084297036
5.298236084297036
5.298236084297036
5.383635221344852
5.383635221344852
5.383635221344852
5.383635221344852
5.383635221344852
5.383635221344852
5.383635221344853
5.383635221344853
5.383635221344853
5.383635221344853
5.383635221344853
5.3836352213448535
5.625350396386497
5.625350396386497
5.625350396386497
5.625350396386497
5.625350396386497
5.625350396386497
5.625350396386498
5.625350396386498
5.625350396386498
5.625350396386498
5.625350396386498
5.625350396386498
5.625350396386498
5.625350396386498
5.625350396386499
5.625350396386499
5.859305953267519
5.859305953267519
5.859305953267519
5.859305953267519
5.859305953267519
5.859305953267519
5.859305953267519
5.85930595326752
5.85930595326752
5.85930595326752
