3.749999999999996
3.7499999999999942
3.7500000000000013
3.749999999999992
0.7500000000000003
0.7500000000000006
0.7499999999999996
0.7500000000000001
0.7500000000000001
0.7500000000000006
0.7499999999999994
0.7499999999999996
0.7499999999999998
0.7500000000000004
3.7499999999999973
3.750000000000001
3.7500000000000027
3.750000000000002
3.7500000000000013
3.749999999999999
3.7500000000000036
3.749999999999999
0.7499999999999997
0.7499999999999998
0.75
0.7500000000000008
3.7500000000000058
3.7499999999999996
3.7499999999999987
3.7500000000000018
8.749999999999995
8.750000000000016
8.750000000000007
8.75
8.750000000000016
8.750000000000018
3.749999999999996
3.7500000000000053
3.7499999999999956
3.7499999999999973
0.7499999999999994
0.7499999999999999
3.7499999999999982
3.7500000000000013
3.750000000000004
3.750000000000002
3.7500000000000027
3.7500000000000004
3.7499999999999987
3.749999999999999
0.7500000000000003
0.7500000000000006
0.7499999999999994
0.7499999999999996
0.7499999999999996
0.7500000000000003
8.750000000000007
8.75000000000001
8.75
8.750000000000005
8.750000000000004
8.750000000000007
8.75
8.749999999999996
8.750000000000002
8.749999999999993
8.749999999999998
8.749999999999995
0.7500000000000002
0.75
0.7500000000000007
0.7500000000000002
3.7500000000000027
3.750000000000003
3.750000000000004
3.750000000000002
0.7499999999999998
0.7499999999999993
0.7499999999999998
0.7499999999999999
3.7499999999999982
3.7499999999999996
3.7499999999999956
3.749999999999997
3.7500000000000013
3.7500000000000058
3.749999999999999
3.7499999999999947
3.750000000000002
3.7500000000000018
3.7500000000000018
3.7499999999999996
3.7500000000000004
3.7500000000000018
3.749999999999999
3.7499999999999956
3.7499999999999996
3.7500000000000013
3.7499999999999982
3.749999999999999
3.7500000000000027
3.7499999999999982
3.749999999999999
3.750000000000001
3.7499999999999987
3.749999999999998
3.75
3.75
3.749999999999999
3.750000000000002
3.750000000000003
3.750000000000004
0.7500000000000002
0.7499999999999993
0.7499999999999999
0.7500000000000002
0.7499999999999998
0.7499999999999996
0.7499999999999998
0.75
0.7500000000000004
0.7500000000000008
0.7499999999999998
0.7500000000000002
3.749999999999997
3.750000000000003
3.750000000000003
3.749999999999999
3.7499999999999996
3.7500000000000013
3.750000000000002
3.7499999999999987
3.7500000000000004
3.7499999999999996
3.7499999999999973
3.7499999999999964
0.7500000000000007
0.7499999999999999
8.749999999999996
8.750000000000002
8.750000000000004
8.750000000000009
8.750000000000004
8.750000000000004
8.750000000000007
8.749999999999996
8.749999999999995
8.750000000000005
8.750000000000002
8.750000000000007
3.7500000000000018
3.7499999999999996
3.7500000000000036
3.7499999999999982
8.750000000000007
8.750000000000002
8.750000000000004
8.749999999999996
8.749999999999986
8.749999999999998
0.7500000000000002
0.75
3.7499999999999996
3.7499999999999996
3.750000000000001
3.7499999999999973
8.750000000000002
8.749999999999998
8.749999999999996
8.749999999999993
8.749999999999996
8.750000000000002
8.749999999999995
8.75
8.749999999999982
8.750000000000002
8.750000000000009
8.749999999999996
3.7500000000000004
3.7499999999999996
3.750000000000001
3.749999999999999
3.7500000000000027
3.749999999999995
3.75
3.750000000000003
0.7499999999999999
0.75
0.7500000000000004
0.7500000000000003
0.7500000000000002
0.75
3.7499999999999947
3.750000000000002
3.75
3.7500000000000004
3.7499999999999973
3.7500000000000013
3.7500000000000018
3.75
3.750000000000003
3.749999999999999
3.750000000000002
3.7500000000000004
3.7500000000000004
3.7500000000000004
3.7500000000000013
3.749999999999999
3.7500000000000027
3.7499999999999964
3.75
3.7499999999999982
3.750000000000001
3.7500000000000044
3.7500000000000004
3.7499999999999973
8.750000000000014
8.749999999999991
8.749999999999984
8.750000000000005
8.750000000000004
8.75
15.74999999999999
15.74999999999998
15.750000000000036
15.750000000000009
15.749999999999915
15.750000000000002
15.750000000000028
15.750000000000023
8.749999999999996
8.749999999999996
8.749999999999998
8.750000000000002
8.750000000000012
8.750000000000004
8.749999999999995
8.750000000000018
8.750000000000002
8.750000000000005
8.750000000000002
8.750000000000007
0.7500000000000001
0.7500000000000004
0.7500000000000002
0.75
8.749999999999998
8.750000000000005
8.75
8.750000000000021
8.750000000000004
8.750000000000007
0.7499999999999998
0.7499999999999998
0.7499999999999996
0.7500000000000003
0.7500000000000003
0.7499999999999999
0.7500000000000008
0.7499999999999999
3.7500000000000013
3.750000000000002
3.7499999999999973
3.75
3.7499999999999973
3.7499999999999996
3.7499999999999987
3.750000000000001
3.749999999999998
3.749999999999999
3.7500000000000004
3.749999999999998
3.750000000000002
3.7500000000000027
3.7499999999999996
3.7499999999999982
3.7500000000000004
3.7499999999999987
3.75
3.7500000000000027
15.749999999999996
15.749999999999995
15.749999999999993
15.750000000000004
15.749999999999995
15.749999999999986
15.749999999999993
15.750000000000007
15.750000000000009
15.750000000000007
15.75
15.750000000000002
15.750000000000016
15.750000000000005
15.74999999999999
15.749999999999993
8.750000000000002
8.750000000000007
8.750000000000002
8.750000000000009
8.750000000000004
8.750000000000007
8.750000000000007
8.750000000000004
8.750000000000002
8.749999999999998
8.750000000000009
8.75000000000001
3.7500000000000013
3.7499999999999982
3.7500000000000027
3.7499999999999996
0.7500000000000006
0.7500000000000002
0.7500000000000001
0.7500000000000002
8.749999999999996
8.750000000000004
8.749999999999998
8.749999999999998
8.750000000000009
8.750000000000005
8.750000000000005
8.749999999999998
8.749999999999998
8.749999999999996
8.750000000000005
8.750000000000005
8.750000000000002
8.749999999999998
8.750000000000009
8.749999999999993
8.749999999999996
8.749999999999993
8.74999999999999
8.750000000000007
8.750000000000005
8.75
8.750000000000007
8.750000000000002
3.7499999999999996
3.749999999999999
3.7500000000000018
3.7500000000000067
3.7500000000000036
3.7499999999999996
3.7500000000000036
3.7499999999999996
0.7500000000000001
0.7500000000000003
3.750000000000001
3.7499999999999956
3.750000000000001
3.7500000000000053
0.7500000000000004
0.75
0.7500000000000001
0.7500000000000002
3.749999999999998
3.7499999999999964
3.7500000000000013
3.75
3.750000000000002
3.75
3.749999999999997
3.7500000000000044
0.7499999999999999
0.75
0.7499999999999999
0.7500000000000001
8.750000000000007
8.74999999999999
8.750000000000016
8.750000000000005
8.749999999999973
8.749999999999993
3.75
3.75
3.750000000000004
3.750000000000002
0.7500000000000008
0.7500000000000008
3.7499999999999964
3.7500000000000004
3.7500000000000004
3.7500000000000018
3.7499999999999996
3.749999999999997
3.7500000000000018
3.7500000000000018
3.749999999999998
3.750000000000004
3.7499999999999982
3.7499999999999982
8.75
8.749999999999988
8.750000000000007
8.75
8.75
8.749999999999995
8.75
8.749999999999998
8.750000000000007
8.749999999999995
8.749999999999993
8.750000000000007
8.749999999999995
8.750000000000002
8.750000000000004
8.750000000000004
8.749999999999991
8.749999999999993
8.749999999999998
8.750000000000005
8.749999999999996
8.750000000000002
8.749999999999996
8.750000000000005
8.749999999999991
8.749999999999996
8.74999999999999
8.749999999999995
8.750000000000007
8.750000000000012
15.74999999999999
15.749999999999979
15.749999999999996
15.75000000000001
15.749999999999988
15.750000000000009
15.750000000000005
15.749999999999988
15.750000000000021
15.749999999999975
15.749999999999982
15.75
15.749999999999995
15.750000000000004
15.750000000000012
15.749999999999988
3.75
3.7499999999999987
3.7500000000000053
3.749999999999999
3.750000000000002
3.749999999999999
3.7500000000000018
3.7500000000000018
0.7500000000000001
0.7500000000000002
0.7499999999999997
0.7499999999999999
3.75
3.7499999999999956
3.750000000000001
3.7500000000000053
3.7499999999999987
3.749999999999999
3.75
3.75
15.749999999999979
15.749999999999982
15.750000000000021
15.749999999999988
15.74999999999998
15.750000000000021
15.750000000000012
15.749999999999993
8.749999999999998
8.75000000000001
8.750000000000009
8.749999999999995
8.749999999999996
8.750000000000004
8.750000000000004
8.75000000000001
8.750000000000002
8.750000000000005
8.75
8.750000000000004
8.749999999999995
8.750000000000007
8.749999999999996
8.750000000000002
8.750000000000007
8.749999999999998
15.75
15.749999999999991
15.750000000000009
15.750000000000002
15.750000000000005
15.750000000000016
15.750000000000007
15.750000000000002
15.74999999999998
15.74999999999999
15.750000000000016
15.750000000000009
15.750000000000014
15.750000000000014
15.74999999999999
15.750000000000002
24.74999999999993
24.75000000000016
24.749999999999996
24.749999999999986
24.749999999999893
24.75
24.75
24.750000000000046
24.750000000000057
24.750000000000014
